Feb-10-1999	2	15	18	39	40	42	6	
Feb-13-1999	5	6	11	13	16	30	4	
Feb-17-1999	5	8	12	24	41	42	26	
Feb-20-1999	12	15	17	22	29	46	6	
Feb-24-1999	1	11	16	18	23	44	36	
Feb-27-1999	1	14	22	29	32	47	19	
Mar-3-1999	13	21	29	32	40	47	2	
Mar-6-1999	6	34	37	45	46	49	35	
Mar-10-1999	5	7	8	9	12	37	28	
Mar-13-1999	2	30	34	36	38	49	14	
Mar-17-1999	3	4	19	22	29	30	8	
Mar-20-1999	13	17	27	29	33	38	49	
Mar-24-1999	2	15	19	21	23	48	10	
Mar-27-1999	6	9	19	26	31	46	33	
Mar-31-1999	8	10	13	14	16	30	24	
Apr-3-1999	6	11	28	35	39	47	37	
Apr-7-1999	19	20	24	27	34	37	40	
Apr-10-1999	10	13	16	35	44	49	34	
Apr-14-1999	12	13	34	37	45	48	40	
Apr-17-1999	2	13	22	29	36	39	20	
Apr-21-1999	7	10	11	29	40	49	48	
Apr-24-1999	2	6	16	17	25	41	11	
Apr-28-1999	23	27	36	41	45	46	26	
May-1-1999	4	13	19	30	37	45	8	
May-5-1999	2	4	22	24	42	46	38	
May-8-1999	5	6	27	38	43	44	8	
May-12-1999	4	11	12	25	36	40	23	
May-15-1999	2	20	24	28	36	42	48	
May-19-1999	1	13	23	32	33	37	20	
May-22-1999	7	8	10	20	24	35	49	
May-26-1999	2	19	20	25	30	40	35	
May-29-1999	3	13	20	21	36	45	22	
Jun-2-1999	2	26	28	30	35	41	24	
Jun-5-1999	3	5	12	30	43	44	16	
Jun-9-1999	8	25	29	32	36	49	7	
Jun-12-1999	1	12	37	43	45	46	7	
Jun-16-1999	31	42	44	46	47	49	7	
Jun-19-1999	5	14	21	22	31	43	41	
Jun-23-1999	16	20	24	25	36	48	18	
Jun-26-1999	9	18	22	25	33	44	45	
Jun-30-1999	31	35	39	43	45	49	28	
Jul-3-1999	3	10	14	30	36	46	17	
Jul-7-1999	7	29	33	37	38	41	15	
Jul-10-1999	1	8	22	28	31	40	43	
Jul-14-1999	4	6	15	34	37	44	45	
Jul-17-1999	5	22	24	35	41	45	21	
Jul-21-1999	1	8	13	14	19	29	32	
Jul-24-1999	1	10	28	35	42	45	32	
Jul-28-1999	9	20	31	47	48	49	41	
Jul-31-1999	7	15	16	43	45	46	1	
Aug-4-1999	7	14	24	25	28	38	30	
Aug-7-1999	10	12	16	29	43	45	32	
Aug-11-1999	1	5	6	10	31	32	15	
Aug-14-1999	2	5	24	29	40	41	11	
Aug-18-1999	5	12	20	21	41	42	13	
Aug-21-1999	7	10	14	32	35	44	27	
Aug-25-1999	12	16	17	31	35	36	14	
Aug-28-1999	10	24	25	28	37	47	38	
Sep-1-1999	2	4	5	19	24	26	28	
Sep-4-1999	1	2	13	24	27	49	32	
Sep-8-1999	10	12	25	38	39	43	35	
Sep-11-1999	16	18	19	30	35	37	33	
Sep-15-1999	2	18	32	36	39	43	17	
Sep-18-1999	15	24	38	40	43	46	9	
Sep-22-1999	1	4	13	16	45	48	2	
Sep-25-1999	6	7	19	32	38	47	3	
Sep-29-1999	5	7	9	17	33	49	16	
Oct-2-1999	5	21	35	40	44	49	20	
Oct-6-1999	9	15	16	31	45	49	32	
Oct-9-1999	17	18	30	36	37	38	48	
Oct-13-1999	2	9	18	24	35	49	28	
Oct-16-1999	9	25	26	33	46	48	24	
Oct-20-1999	1	7	11	25	30	37	16	
Oct-23-1999	1	24	29	32	40	41	30	
Oct-27-1999	7	9	11	16	24	27	4	
Oct-30-1999	2	8	14	21	39	45	33	
Nov-3-1999	14	18	22	28	30	34	31	
Nov-6-1999	9	10	12	18	25	49	14	
Nov-10-1999	2	10	14	17	21	29	11	
Nov-13-1999	12	14	20	35	39	43	31	
Nov-17-1999	6	12	15	31	43	47	4	
Nov-20-1999	16	21	38	39	41	42	5	
Nov-24-1999	1	14	19	27	42	47	48	
Nov-27-1999	2	30	33	40	42	45	47	
Dec-1-1999	9	14	25	33	41	47	12	
Dec-4-1999	6	15	31	34	41	49	14	
Dec-8-1999	21	25	27	32	42	49	11	
Dec-11-1999	1	7	8	10	20	41	21	
Dec-15-1999	8	10	15	38	43	49	35	
Dec-18-1999	5	6	14	16	32	36	28	
Dec-22-1999	9	18	27	28	32	44	2	
Dec-25-1999	7	10	24	26	38	41	1	
Dec-29-1999	3	4	22	28	29	43	5	
Jan-1-2000	2	10	24	26	31	46	19	
Jan-5-2000	3	16	17	39	42	48	30	
Jan-8-2000	16	17	21	27	36	43	49	
Jan-12-2000	4	8	10	31	32	38	37	
Jan-15-2000	4	13	15	19	33	48	7	
Jan-19-2000	5	12	15	19	43	48	10	
Jan-22-2000	6	14	15	16	31	49	20	
Jan-26-2000	17	21	40	42	43	49	18	
Jan-29-2000	9	18	25	26	43	46	2	
Feb-2-2000	12	15	21	27	34	38	24	
Feb-5-2000	14	18	31	37	43	45	3	
Feb-9-2000	11	13	18	33	39	47	46	
Feb-12-2000	4	10	13	30	47	49	29	
Feb-16-2000	7	12	23	29	40	44	6	
Feb-19-2000	7	13	18	19	43	47	48	
Feb-23-2000	3	4	7	14	37	38	36	
Feb-26-2000	3	9	19	22	24	30	18	
Mar-1-2000	6	24	35	36	44	48	41	
Mar-4-2000	3	9	22	41	45	49	4	
Mar-8-2000	7	10	18	23	35	46	8	
Mar-11-2000	2	3	16	33	45	48	8	
Mar-15-2000	5	13	23	27	32	36	15	
Mar-18-2000	3	10	20	24	29	42	1	
Mar-22-2000	8	11	42	44	45	48	40	
Mar-25-2000	7	15	16	20	22	41	45	
Mar-29-2000	18	33	34	36	46	47	38	
Apr-1-2000	8	13	20	26	31	42	2	
Apr-5-2000	12	25	31	32	35	49	5	
Apr-8-2000	11	24	28	35	42	48	37	
Apr-12-2000	11	21	22	24	26	42	20	
Apr-15-2000	10	13	16	37	41	45	11	
Apr-19-2000	18	20	22	24	34	43	4	
Apr-22-2000	5	20	37	38	40	41	42	
Apr-26-2000	3	6	23	26	28	38	18	
Apr-29-2000	18	24	25	27	30	38	39	
May-3-2000	12	18	22	28	31	32	14	
May-6-2000	3	11	23	38	41	48	30	
May-10-2000	1	2	4	9	14	25	34	
May-13-2000	3	12	16	30	35	46	43	
May-17-2000	3	6	19	22	23	43	48	
May-20-2000	2	7	21	28	41	47	4	
May-24-2000	3	11	12	14	17	34	33	
May-27-2000	2	4	16	18	25	34	42	
May-31-2000	1	19	26	33	40	46	17	
Jun-3-2000	2	24	25	28	44	46	4	
Jun-7-2000	1	4	20	23	24	37	14	
Jun-10-2000	16	20	21	24	27	45	2	
Jun-14-2000	1	7	8	17	46	47	16	
Jun-17-2000	3	7	14	19	46	47	8	
Jun-21-2000	9	14	28	31	38	48	32	
Jun-24-2000	6	8	11	19	36	47	44	
Jun-28-2000	16	20	22	28	38	45	24	
Jul-1-2000	8	12	13	29	36	39	22	
Jul-5-2000	7	12	21	31	35	43	29	
Jul-8-2000	1	19	21	31	34	42	47	
Jul-12-2000	5	6	8	20	28	35	47	
Jul-15-2000	2	4	23	24	30	42	19	
Jul-19-2000	17	33	36	40	44	46	39	
Jul-22-2000	1	13	22	25	27	43	4	
Jul-26-2000	8	12	16	27	33	37	31	
Jul-29-2000	3	11	17	20	24	44	35	
Aug-2-2000	10	11	19	33	35	38	30	
Aug-5-2000	3	9	10	28	30	43	11	
Aug-9-2000	10	11	16	21	22	41	3	
Aug-12-2000	3	15	27	28	42	47	9	
Aug-16-2000	3	9	11	35	36	40	6	
Aug-19-2000	19	30	32	34	35	39	4	
Aug-23-2000	14	16	19	29	35	47	26	
Aug-26-2000	1	4	9	11	22	27	30	
Aug-30-2000	7	8	12	20	28	43	19	
Sep-2-2000	3	12	18	24	29	31	8	
Sep-6-2000	1	10	16	31	47	48	22	
Sep-9-2000	9	12	18	35	42	49	38	
Sep-13-2000	2	7	9	13	36	38	40	
Sep-16-2000	17	19	22	29	32	48	35	
Sep-20-2000	12	24	29	34	40	42	13	
Sep-23-2000	8	15	24	27	29	47	20	
Sep-27-2000	5	9	10	18	46	49	6	
Sep-30-2000	2	14	17	25	39	49	33	
Oct-4-2000	2	3	11	22	41	48	38	
Oct-7-2000	8	18	22	24	38	45	21	
Oct-11-2000	4	11	19	26	28	31	1	
Oct-14-2000	2	7	12	34	37	41	36	
Oct-18-2000	1	13	20	38	39	40	19	
Oct-21-2000	4	15	35	38	41	45	6	
Oct-25-2000	8	20	22	44	47	48	13	
Oct-28-2000	5	19	29	32	41	43	10	
Nov-1-2000	4	5	8	12	30	40	29	
Nov-4-2000	9	27	28	35	40	42	15	
Nov-8-2000	3	24	26	29	32	43	38	
Nov-11-2000	7	8	10	20	24	26	39	
Nov-15-2000	3	11	31	37	44	45	24	
Nov-18-2000	3	7	32	33	38	47	1	
Nov-22-2000	3	9	14	18	28	49	47	
Nov-25-2000	1	2	25	32	33	41	27	
Nov-29-2000	1	12	16	17	39	47	8	
Dec-2-2000	10	16	24	28	33	43	42	
Dec-6-2000	14	20	27	32	35	40	28	
Dec-9-2000	8	14	17	21	29	31	1	
Dec-13-2000	14	19	23	31	45	49	18	
Dec-16-2000	2	6	8	15	40	42	33	
Dec-20-2000	4	14	19	32	38	42	31	
Dec-23-2000	2	9	16	26	41	46	27	
Dec-27-2000	1	11	27	36	46	49	43	
Dec-30-2000	14	16	17	19	28	40	35	
Jan-3-2001	7	29	32	33	43	44	36	
Jan-6-2001	23	30	35	39	44	45	18	
Jan-10-2001	8	10	23	25	34	39	42	
Jan-13-2001	1	9	23	38	47	49	41	
Jan-17-2001	7	15	29	39	40	44	10	
Jan-20-2001	7	11	13	15	30	35	45	
Jan-24-2001	2	4	5	27	37	44	8	
Jan-27-2001	1	3	18	28	29	49	33	
Jan-31-2001	2	5	12	24	26	42	14	
Feb-3-2001	10	12	20	21	30	43	44	
Feb-7-2001	4	7	13	20	25	38	10	
Feb-10-2001	10	16	19	25	27	42	24	
Feb-14-2001	1	4	15	28	35	39	29	
Feb-17-2001	5	7	19	32	43	47	28	
Feb-21-2001	11	13	20	31	44	45	7	
Feb-24-2001	8	13	15	29	36	37	44	
Feb-28-2001	8	17	20	35	41	49	2	
Mar-3-2001	6	11	14	35	46	48	43	
Mar-7-2001	1	9	12	16	21	29	28	
Mar-10-2001	7	16	19	24	31	39	29	
Mar-14-2001	4	22	24	30	39	47	25	
Mar-17-2001	11	18	35	40	45	48	17	
Mar-21-2001	2	5	7	9	26	42	17	
Mar-24-2001	16	19	22	26	28	29	15	
Mar-28-2001	6	7	8	12	15	16	4	
Mar-31-2001	1	4	8	10	26	36	19	
Apr-4-2001	8	9	20	25	26	39	34	
Apr-7-2001	4	19	23	24	27	40	21	
Apr-11-2001	2	25	26	31	37	40	13	
Apr-14-2001	3	8	18	21	22	46	47	
Apr-18-2001	5	21	30	35	41	46	45	
Apr-21-2001	13	26	34	37	41	46	12	
Apr-25-2001	6	14	15	28	35	41	44	
Apr-28-2001	7	19	22	31	44	48	9	
May-2-2001	4	13	27	31	34	39	5	
May-5-2001	1	8	28	40	43	44	27	
May-9-2001	2	16	21	25	38	47	14	
May-12-2001	6	26	33	35	37	43	20	
May-16-2001	6	28	38	44	48	49	41	
May-19-2001	9	15	18	29	35	42	11	
May-23-2001	10	14	17	23	33	38	20	
May-26-2001	3	8	14	20	25	46	40	
May-30-2001	12	29	32	35	39	45	48	
Jun-2-2001	4	9	18	31	32	42	45	
Jun-6-2001	21	24	35	39	41	42	2	
Jun-9-2001	4	13	36	41	44	49	42	
Jun-13-2001	11	20	31	35	43	44	14	
Jun-16-2001	13	19	22	28	44	47	8	
Jun-20-2001	14	21	32	37	40	41	2	
Jun-23-2001	4	6	9	18	31	42	39	
Jun-27-2001	6	7	10	11	24	40	49	
Jun-30-2001	28	30	32	38	43	47	40	
Jul-4-2001	6	17	20	31	45	48	32	
Jul-7-2001	6	12	21	34	42	47	37	
Jul-11-2001	9	13	30	34	36	44	2	
Jul-14-2001	12	18	21	36	40	44	5	
Jul-18-2001	4	19	24	25	37	42	17	
Jul-21-2001	16	20	28	31	37	41	33	
Jul-25-2001	26	29	33	35	37	38	47	
Jul-28-2001	11	14	17	31	37	46	19	
Aug-1-2001	4	14	19	29	32	42	6	
Aug-4-2001	10	20	27	28	30	39	43	
Aug-8-2001	1	14	15	18	36	48	19	
Aug-11-2001	11	14	15	18	41	46	1	
Aug-15-2001	24	25	27	33	40	42	45	
Aug-18-2001	11	18	22	30	35	44	39	
Aug-22-2001	11	23	30	36	37	44	15	
Aug-25-2001	14	22	23	34	41	45	48	
Aug-29-2001	4	23	29	32	40	46	19	
Sep-1-2001	4	19	22	24	25	40	28	
Sep-5-2001	1	9	25	31	40	48	33	
Sep-8-2001	4	8	10	22	25	36	16	
Sep-12-2001	11	19	23	24	42	48	41	
Sep-15-2001	6	7	15	18	20	22	38	
Sep-19-2001	8	15	21	31	46	48	9	
Sep-22-2001	5	12	13	24	28	48	47	
Sep-26-2001	3	12	16	17	28	47	31	
Sep-29-2001	1	16	20	22	25	41	49	
Oct-3-2001	2	10	11	16	17	48	44	
Oct-6-2001	3	21	22	30	37	38	39	
Oct-10-2001	2	3	10	18	22	39	9	
Oct-13-2001	2	12	14	37	43	49	10	
Oct-17-2001	6	19	21	25	26	40	45	
Oct-20-2001	4	11	15	18	26	32	14	
Oct-24-2001	14	22	23	30	33	35	25	
Oct-27-2001	2	11	28	35	39	48	4	
Oct-31-2001	3	10	11	23	34	37	45	
Nov-3-2001	5	7	18	36	38	45	16	
Nov-7-2001	2	8	11	14	19	36	25	
Nov-10-2001	4	19	23	31	36	45	33	
Nov-14-2001	17	19	21	31	44	47	22	
Nov-17-2001	7	8	13	14	15	38	44	
Nov-21-2001	1	9	29	44	45	49	37	
Nov-24-2001	1	10	26	29	40	47	17	
Nov-28-2001	2	21	24	34	42	44	28	
Dec-1-2001	10	12	20	21	32	37	8	
Dec-5-2001	6	12	22	30	33	36	21	
Dec-8-2001	2	14	23	34	36	42	43	
Dec-12-2001	28	30	33	34	36	45	19	
Dec-15-2001	8	17	30	32	33	45	40	
Dec-19-2001	5	25	31	46	47	49	48	
Dec-22-2001	5	14	31	35	39	44	28	
Dec-26-2001	13	14	21	25	29	41	4	
Dec-29-2001	5	14	24	30	34	35	38	
Jan-2-2002	1	11	17	26	44	48	47	
Jan-5-2002	3	8	16	23	35	49	4	
Jan-9-2002	1	2	6	8	20	31	48	
Jan-12-2002	3	8	13	19	24	26	37	
Jan-16-2002	29	31	32	36	43	49	10	
Jan-19-2002	14	16	25	31	32	34	24	
Jan-23-2002	10	15	20	28	40	44	8	
Jan-26-2002	8	22	23	30	33	35	31	
Jan-30-2002	2	4	16	20	25	49	48	
Feb-2-2002	9	11	19	22	47	48	24	
Feb-6-2002	5	17	19	32	38	39	6	
Feb-9-2002	8	19	28	32	36	45	26	
Feb-13-2002	18	23	24	27	34	36	15	
Feb-16-2002	20	27	37	38	41	44	17	
Feb-20-2002	6	18	29	32	33	34	28	
Feb-23-2002	1	2	10	34	38	42	22	
Feb-27-2002	2	10	24	25	31	42	16	
Mar-2-2002	4	14	23	39	45	46	41	
Mar-6-2002	1	2	16	18	19	34	10	
Mar-9-2002	8	11	15	23	31	43	42	
Mar-13-2002	7	11	17	19	30	39	22	
Mar-16-2002	2	4	6	7	44	49	33	
Mar-20-2002	3	16	20	21	36	47	35	
Mar-23-2002	1	3	24	28	36	39	46	
Mar-27-2002	10	12	13	32	39	43	37	
Mar-30-2002	2	4	6	12	41	47	14	
Apr-3-2002	3	6	17	23	42	49	35	
Apr-6-2002	8	10	24	30	35	38	42	
Apr-10-2002	6	12	14	19	37	38	7	
Apr-13-2002	6	19	25	33	37	49	4	
Apr-17-2002	3	13	27	35	36	46	29	
Apr-20-2002	15	22	28	34	36	45	29	
Apr-24-2002	12	15	18	20	23	49	26	
Apr-27-2002	6	7	9	21	26	43	38	
May-1-2002	1	10	12	13	38	47	9	
May-4-2002	10	25	28	39	41	46	44	
May-8-2002	10	12	15	24	33	39	23	
May-11-2002	14	22	27	31	33	47	39	
May-15-2002	2	22	26	42	44	45	14	
May-18-2002	4	6	13	17	19	36	32	
May-22-2002	14	16	17	20	42	48	31	
May-25-2002	16	18	25	40	42	45	35	
May-29-2002	2	5	25	34	48	49	35	
Jun-1-2002	5	8	16	17	23	38	11	
Jun-5-2002	5	10	26	30	35	38	36	
Jun-8-2002	3	11	21	31	42	46	8	
Jun-12-2002	22	24	29	31	37	46	35	
Jun-15-2002	1	12	31	40	44	48	45	
Jun-19-2002	2	4	13	14	37	49	21	
Jun-22-2002	2	4	7	25	26	28	27	
Jun-26-2002	20	26	35	43	45	46	19	
Jun-29-2002	8	23	34	41	43	49	11	
Jul-3-2002	3	22	26	35	41	42	43	
Jul-6-2002	8	14	21	29	40	48	24	
Jul-10-2002	21	26	29	33	36	48	49	
Jul-13-2002	6	9	12	28	42	48	5	
Jul-17-2002	2	9	20	32	36	41	35	
Jul-20-2002	4	13	23	33	41	42	48	
Jul-24-2002	6	10	20	23	30	47	18	
Jul-27-2002	5	8	27	43	46	49	11	
Jul-31-2002	5	12	16	29	34	42	15	
Aug-3-2002	3	5	27	32	33	46	19	
Aug-7-2002	2	19	26	28	37	38	16	
Aug-10-2002	2	5	7	13	14	48	6	
Aug-14-2002	6	14	19	30	42	46	24	
Aug-17-2002	8	29	31	41	43	46	32	
Aug-21-2002	2	11	12	38	43	45	30	
Aug-24-2002	7	11	12	27	30	45	37	
Aug-28-2002	9	16	28	35	36	43	24	
Aug-31-2002	4	7	9	16	21	45	25	
Sep-4-2002	11	26	30	33	35	49	37	
Sep-7-2002	1	9	23	27	28	34	36	
Sep-11-2002	10	19	26	33	37	44	30	
Sep-14-2002	11	34	36	39	44	47	48	
Sep-18-2002	10	15	20	34	43	49	16	
Sep-21-2002	5	9	16	18	33	45	1	
Sep-25-2002	9	14	16	26	30	47	25	
Sep-28-2002	9	23	25	28	29	34	24	
Oct-2-2002	3	22	24	25	30	38	16	
Oct-5-2002	11	16	31	34	36	38	12	
Oct-9-2002	10	12	15	21	44	45	30	
Oct-12-2002	7	14	16	37	44	46	40	
Oct-16-2002	5	15	16	19	20	24	42	
Oct-19-2002	1	17	22	35	39	49	25	
Oct-23-2002	4	7	9	28	41	47	32	
Oct-26-2002	10	14	31	36	38	46	12	
Oct-30-2002	2	4	20	23	26	33	39	
Nov-2-2002	10	13	17	20	36	42	47	
Nov-6-2002	10	12	14	16	19	32	11	
Nov-9-2002	8	13	34	37	39	43	2	
Nov-13-2002	11	17	22	32	34	45	39	
Nov-16-2002	2	15	27	29	34	38	19	
Nov-20-2002	2	11	19	21	22	42	48	
Nov-23-2002	7	17	30	37	38	45	48	
Nov-27-2002	2	15	20	25	42	48	19	
Nov-30-2002	19	25	26	31	33	36	21	
Dec-4-2002	1	11	14	27	28	39	24	
Dec-7-2002	17	18	21	26	28	47	20	
Dec-11-2002	15	20	21	22	37	45	10	
Dec-14-2002	7	17	26	35	45	48	6	
Dec-18-2002	5	6	18	23	24	31	49	
Dec-21-2002	12	17	37	38	44	47	16	
Dec-25-2002	9	15	23	26	29	34	6	
Dec-28-2002	2	11	14	16	18	36	12	
Jan-1-2003	3	6	16	29	36	44	22	
Jan-4-2003	1	14	34	37	44	48	11	
Jan-8-2003	3	7	16	29	35	39	24	
Jan-11-2003	3	9	31	42	46	49	19	
Jan-15-2003	19	20	21	29	39	41	10	
Jan-18-2003	3	18	28	29	36	47	33	
Jan-22-2003	5	11	13	15	25	32	37	
Jan-25-2003	13	14	20	39	45	49	44	
Jan-29-2003	13	15	19	21	47	48	38	
Feb-1-2003	7	13	21	25	26	40	20	
Feb-5-2003	2	16	35	39	42	48	49	
Feb-8-2003	4	11	12	13	41	43	45	
Feb-12-2003	10	11	21	31	35	41	14	
Feb-15-2003	10	12	23	25	40	41	20	
Feb-19-2003	4	11	13	22	28	29	49	
Feb-22-2003	1	5	9	24	37	44	20	
Feb-26-2003	14	16	22	24	34	35	10	
Mar-1-2003	4	9	16	19	23	48	41	
Mar-5-2003	9	10	12	14	42	49	36	
Mar-8-2003	8	14	17	19	41	44	30	
Mar-12-2003	8	11	22	34	40	47	46	
Mar-15-2003	5	11	30	33	41	46	3	
Mar-19-2003	14	18	19	26	39	43	29	
Mar-22-2003	3	7	18	19	20	40	31	
Mar-26-2003	11	12	13	17	19	30	41	
Mar-29-2003	2	4	17	18	30	43	33	
Apr-2-2003	13	20	22	37	45	49	36	
Apr-5-2003	3	13	14	27	35	43	6	
Apr-9-2003	17	18	31	36	40	41	24	
Apr-12-2003	5	16	28	30	40	44	37	
Apr-16-2003	3	16	17	36	37	46	1	
Apr-19-2003	9	18	22	34	40	46	11	
Apr-23-2003	5	6	19	27	38	48	33	
Apr-26-2003	9	15	16	22	42	44	30	
Apr-30-2003	18	43	46	47	48	49	5	
May-3-2003	10	17	18	20	40	47	1	
May-7-2003	1	28	34	39	44	45	41	
May-10-2003	9	23	25	31	39	48	42	
May-14-2003	5	11	33	41	43	44	31	
May-17-2003	5	14	36	39	41	43	22	
May-21-2003	1	20	41	47	48	49	10	
May-24-2003	20	26	29	32	36	41	31	
May-28-2003	11	13	17	27	29	47	38	
May-31-2003	9	16	43	45	47	48	28	
Jun-4-2003	12	30	35	36	42	44	22	
Jun-7-2003	18	28	29	30	32	41	37	
Jun-11-2003	29	32	33	38	46	48	42	
Jun-14-2003	4	9	18	42	44	45	11	
Jun-18-2003	2	6	28	29	35	37	21	
Jun-21-2003	10	18	21	24	33	37	19	
Jun-25-2003	7	9	14	21	31	35	48	
Jun-28-2003	11	21	25	27	33	49	26	
Jul-2-2003	12	16	37	40	41	48	14	
Jul-5-2003	2	6	11	24	30	49	19	
Jul-9-2003	5	7	13	23	24	25	43	
Jul-12-2003	7	14	15	23	24	25	2	
Jul-16-2003	11	21	38	42	43	44	23	
Jul-19-2003	1	6	7	13	21	22	20	
Jul-23-2003	13	23	24	27	34	44	30	
Jul-26-2003	2	3	15	34	35	49	33	
Jul-30-2003	7	10	19	31	41	45	18	
Aug-2-2003	9	14	16	32	37	49	46	
Aug-6-2003	1	2	18	31	46	48	21	
Aug-9-2003	6	11	12	20	28	35	1	
Aug-13-2003	3	8	18	29	37	46	16	
Aug-16-2003	4	6	15	23	29	46	33	
Aug-20-2003	2	4	7	14	19	31	36	
Aug-23-2003	11	12	26	28	30	35	36	
Aug-27-2003	8	10	14	15	16	18	9	
Aug-30-2003	11	17	23	32	33	37	31	
Sep-3-2003	4	15	18	24	26	34	11	
Sep-6-2003	3	10	27	34	37	41	48	
Sep-10-2003	16	32	36	37	42	49	1	
Sep-13-2003	7	11	13	21	22	40	10	
Sep-17-2003	2	9	10	26	36	42	43	
Sep-20-2003	4	8	16	19	37	40	39	
Sep-24-2003	9	18	21	28	36	37	49	
Sep-27-2003	10	32	36	42	45	46	16	
Oct-1-2003	4	15	21	26	44	45	31	
Oct-4-2003	4	18	26	32	34	37	31	
Oct-8-2003	2	12	16	29	32	35	31	
Oct-11-2003	1	6	20	23	26	29	4	
Oct-15-2003	1	6	15	22	29	32	4	
Oct-18-2003	2	9	31	39	44	47	34	
Oct-22-2003	5	10	17	23	26	48	7	
Oct-25-2003	1	11	19	25	34	40	31	
Oct-29-2003	1	7	11	22	38	44	34	
Nov-1-2003	1	24	32	34	35	40	30	
Nov-5-2003	8	23	28	38	39	41	26	
Nov-8-2003	6	19	38	40	42	48	8	
Nov-12-2003	4	11	14	18	36	37	46	
Nov-15-2003	6	9	17	39	40	46	49	
Nov-19-2003	15	18	25	28	29	33	23	
Nov-22-2003	8	14	26	39	41	48	18	
Nov-26-2003	4	8	11	26	40	48	19	
Nov-29-2003	8	11	12	20	29	38	19	
Dec-3-2003	2	6	12	24	26	45	23	
Dec-6-2003	5	11	17	27	32	38	1	
Dec-10-2003	3	11	20	22	24	30	2	
Dec-13-2003	2	15	22	30	31	44	27	
Dec-17-2003	1	3	21	28	33	35	7	
Dec-20-2003	5	6	9	28	36	38	39	
Dec-24-2003	3	5	15	25	30	38	20	
Dec-27-2003	4	7	23	32	45	46	15	
Dec-31-2003	2	19	31	34	44	47	36	
Jan-3-2004	11	16	19	32	43	44	33	
Jan-7-2004	2	20	27	35	41	44	11	
Jan-10-2004	23	26	28	42	44	47	10	
Jan-14-2004	4	6	17	22	25	29	5	
Jan-17-2004	22	25	26	27	34	48	43	
Jan-21-2004	9	15	28	30	45	49	14	
Jan-24-2004	1	7	27	28	31	49	11	
Jan-28-2004	20	23	26	27	30	31	5	
Jan-31-2004	16	28	33	35	43	45	5	
Feb-4-2004	2	3	10	15	25	41	22	
Feb-7-2004	3	7	10	16	38	47	31	
Feb-11-2004	1	6	11	31	34	43	16	
Feb-14-2004	5	8	22	30	36	42	24	
Feb-18-2004	1	4	6	17	28	33	2	
Feb-21-2004	21	24	33	39	41	47	12	
Feb-25-2004	3	10	11	15	27	45	37	
Feb-28-2004	4	11	15	32	38	49	28	
Mar-3-2004	10	12	15	24	25	41	34	
Mar-6-2004	14	17	26	33	41	43	18	
Mar-10-2004	10	11	25	37	45	47	48	
Mar-13-2004	2	4	12	34	36	49	44	
Mar-17-2004	7	12	16	20	28	36	17	
Mar-20-2004	9	11	15	20	37	42	32	
Mar-24-2004	4	11	17	21	25	47	24	
Mar-27-2004	7	20	22	28	31	38	34	
Mar-31-2004	1	9	13	21	30	43	27	
Apr-3-2004	3	9	10	31	37	45	19	
Apr-7-2004	9	10	26	37	43	48	6	
Apr-10-2004	5	8	17	25	37	39	23	
Apr-14-2004	2	3	4	33	38	40	44	
Apr-17-2004	4	11	25	38	42	46	35	
Apr-21-2004	6	8	27	30	44	47	24	
Apr-24-2004	3	7	20	41	46	48	29	
Apr-28-2004	4	10	19	31	34	37	6	
May-1-2004	5	11	18	26	31	34	32	
May-5-2004	2	3	24	27	38	40	31	
May-8-2004	9	17	22	32	42	43	40	
May-12-2004	11	16	19	29	32	42	5	
May-15-2004	2	13	19	22	31	43	24	
May-19-2004	4	5	7	17	36	39	33	
May-22-2004	16	18	23	25	26	36	49	
May-26-2004	6	10	13	33	34	37	7	
May-29-2004	1	8	15	24	27	31	45	
Jun-2-2004	6	18	19	22	25	46	39	
Jun-5-2004	8	12	15	36	45	46	14	
Jun-9-2004	2	8	10	31	40	42	16	
Jun-12-2004	9	30	31	37	38	43	13	
Jun-16-2004	9	10	11	34	35	38	43	
Jun-19-2004	13	18	19	24	37	49	16	
Jun-23-2004	1	12	21	25	26	41	43	
Jun-26-2004	4	13	15	28	42	49	40	
Jun-30-2004	5	11	21	38	40	43	31	
Jul-3-2004	6	12	20	21	41	43	24	
Jul-7-2004	16	21	29	33	42	45	34	
Jul-10-2004	14	16	26	35	37	44	23	
Jul-14-2004	10	14	27	29	35	47	26	
Jul-17-2004	4	5	17	25	42	48	46	
Jul-21-2004	1	8	9	10	25	45	46	
Jul-24-2004	2	14	19	20	34	49	16	
Jul-28-2004	3	6	29	33	39	48	34	
Jul-31-2004	4	16	29	36	37	42	17	
Aug-4-2004	8	14	16	24	36	48	27	
Aug-7-2004	4	20	27	31	45	49	28	
Aug-11-2004	2	3	13	15	26	42	43	
Aug-14-2004	15	27	38	41	45	48	3	
Aug-18-2004	7	39	42	44	45	48	3	
Aug-21-2004	11	20	21	29	39	48	38	
Aug-25-2004	6	10	20	22	26	29	1	
Aug-28-2004	10	17	35	39	43	49	32	
Sep-1-2004	6	18	21	33	34	44	20	
Sep-4-2004	2	5	10	15	20	31	32	
Sep-8-2004	3	6	10	13	28	48	36	
Sep-11-2004	12	20	23	31	41	45	18	
Sep-15-2004	2	13	14	24	33	37	42	
Sep-18-2004	1	2	13	22	36	45	28	
Sep-22-2004	14	17	19	24	28	29	31	
Sep-25-2004	10	24	32	41	48	49	4	
Sep-29-2004	16	30	35	37	46	48	12	
Oct-2-2004	17	21	26	32	35	43	48	
Oct-6-2004	14	30	31	36	40	49	33	
Oct-9-2004	4	6	7	19	35	39	41	
Oct-13-2004	1	8	18	36	40	42	39	
Oct-16-2004	7	13	25	27	39	48	1	
Oct-20-2004	3	20	29	34	35	46	16	
Oct-23-2004	7	17	19	21	42	46	30	
Oct-27-2004	11	12	15	21	48	49	41	
Oct-30-2004	14	27	37	39	45	49	32	
Nov-3-2004	15	19	21	37	41	42	48	
Nov-6-2004	4	14	19	20	22	24	31	
Nov-10-2004	17	21	22	29	36	39	15	
Nov-13-2004	5	9	16	26	44	49	10	
Nov-17-2004	6	9	31	40	43	44	48	
Nov-20-2004	5	6	12	13	31	37	40	
Nov-24-2004	20	35	38	40	42	49	46	
Nov-27-2004	4	20	27	28	33	47	21	
Dec-1-2004	1	6	12	18	34	48	27	
Dec-4-2004	2	5	14	20	34	48	42	
Dec-8-2004	3	5	26	32	34	43	18	
Dec-11-2004	6	22	26	29	37	42	11	
Dec-15-2004	6	14	15	40	48	49	17	
Dec-18-2004	10	19	20	22	40	44	9	
Dec-22-2004	2	11	15	31	40	48	23	
Dec-25-2004	1	8	12	16	21	38	3	
Dec-29-2004	1	7	13	16	25	36	48	
Jan-1-2005	12	14	19	21	28	46	11	
Jan-5-2005	2	6	7	14	28	37	46	
Jan-8-2005	4	6	9	19	28	43	37	
Jan-12-2005	4	8	13	21	38	39	44	
Jan-15-2005	2	4	8	22	24	46	5	
Jan-19-2005	2	5	26	29	36	37	9	
Jan-22-2005	9	19	23	28	33	35	10	
Jan-26-2005	7	15	27	32	33	41	11	
Jan-29-2005	7	13	17	26	38	43	2	
Feb-2-2005	1	5	36	39	47	48	41	
Feb-5-2005	15	23	30	34	35	49	27	
Feb-9-2005	8	9	17	24	36	42	22	
Feb-12-2005	6	9	10	23	30	32	28	
Feb-16-2005	21	25	29	31	41	45	11	
Feb-19-2005	11	16	18	27	32	47	41	
Feb-23-2005	3	7	13	35	36	40	44	
Feb-26-2005	3	26	29	35	37	43	32	
Mar-2-2005	8	19	27	35	42	43	49	
Mar-5-2005	1	6	24	28	37	43	32	
Mar-9-2005	3	20	22	24	34	35	25	
Mar-12-2005	1	2	11	18	21	40	4	
Mar-16-2005	6	16	19	24	25	49	48	
Mar-19-2005	5	7	21	32	37	41	25	
Mar-23-2005	2	6	11	17	40	46	10	
Mar-26-2005	5	23	25	29	35	39	2	
Mar-30-2005	13	32	34	36	41	47	29	
Apr-2-2005	3	4	8	13	44	49	33	
Apr-6-2005	12	26	40	43	48	49	29	
Apr-9-2005	5	19	26	34	40	43	11	
Apr-13-2005	9	14	25	26	32	39	2	
Apr-16-2005	7	8	21	23	29	44	45	
Apr-20-2005	17	20	26	37	38	42	5	
Apr-23-2005	3	6	7	9	10	21	4	
Apr-27-2005	15	22	26	29	30	36	1	
Apr-30-2005	13	15	16	18	24	39	25	
May-4-2005	21	22	24	27	33	34	2	
May-7-2005	6	10	30	31	34	38	12	
May-11-2005	4	12	13	15	34	48	22	
May-14-2005	1	3	9	16	21	36	33	
May-18-2005	2	4	10	12	31	40	45	
May-21-2005	2	9	30	46	48	49	11	
May-25-2005	7	28	34	41	43	47	10	
May-28-2005	14	16	23	32	46	47	5	
Jun-1-2005	5	11	27	29	30	36	12	
Jun-4-2005	5	8	10	26	41	44	13	
Jun-8-2005	2	6	12	20	23	44	41	
Jun-11-2005	2	5	17	20	34	38	32	
Jun-15-2005	3	11	12	15	36	46	38	
Jun-18-2005	2	4	7	31	36	38	11	
Jun-22-2005	3	18	19	28	33	44	38	
Jun-25-2005	3	15	21	29	34	49	28	
Jun-29-2005	7	14	23	29	37	49	31	
Jul-2-2005	4	22	27	34	37	44	9	
Jul-6-2005	3	17	18	25	29	31	13	
Jul-9-2005	3	4	6	9	11	12	42	
Jul-13-2005	2	7	9	18	37	40	35	
Jul-16-2005	2	4	34	42	43	44	40	
Jul-20-2005	20	24	29	30	38	44	25	
Jul-23-2005	4	10	23	31	33	35	36	
Jul-27-2005	3	20	23	26	41	44	37	
Jul-30-2005	5	26	32	34	40	44	30	
Aug-3-2005	3	12	13	29	32	49	30	
Aug-6-2005	3	11	14	16	34	46	4	
Aug-10-2005	9	12	19	20	31	35	49	
Aug-13-2005	14	15	30	35	44	47	41	
Aug-17-2005	10	12	18	22	26	29	24	
Aug-20-2005	8	9	14	38	45	47	43	
Aug-24-2005	1	6	19	24	27	49	32	
Aug-27-2005	3	9	31	36	45	46	23	
Aug-31-2005	7	8	25	31	40	47	1	
Sep-3-2005	12	20	24	25	26	42	49	
Sep-7-2005	2	19	34	36	41	42	46	
Sep-10-2005	2	20	29	30	35	37	28	
Sep-14-2005	9	19	28	43	44	48	13	
Sep-17-2005	9	24	26	31	36	49	4	
Sep-21-2005	13	16	17	28	31	46	8	
Sep-24-2005	1	13	16	25	33	43	19	
Sep-28-2005	3	8	9	24	43	46	26	
Oct-1-2005	1	3	22	23	27	47	36	
Oct-5-2005	18	30	31	34	38	44	42	
Oct-8-2005	12	21	28	30	33	43	4	
Oct-12-2005	6	19	21	28	41	42	31	
Oct-15-2005	5	12	22	26	31	40	49	
Oct-19-2005	14	15	16	17	20	40	11	
Oct-22-2005	10	13	28	38	41	45	11	
Oct-26-2005	10	16	25	26	43	44	9	
Oct-29-2005	9	11	15	27	33	36	40	
Nov-2-2005	8	21	27	31	32	39	42	
Nov-5-2005	2	17	18	33	35	49	38	
Nov-9-2005	3	8	26	28	32	35	4	
Nov-12-2005	10	13	15	22	40	41	27	
Nov-16-2005	4	16	18	19	31	33	28	
Nov-19-2005	8	10	12	14	18	41	46	
Nov-23-2005	17	21	23	28	32	43	8	
Nov-26-2005	3	8	16	20	41	42	47	
Nov-30-2005	9	12	17	30	34	40	47	
Dec-3-2005	13	15	16	22	26	40	7	
Dec-7-2005	18	28	36	37	39	42	43	
Dec-10-2005	15	23	33	35	37	45	36	
Dec-14-2005	12	25	36	39	46	48	1	
Dec-17-2005	4	18	19	20	29	34	41	
Dec-21-2005	1	4	8	21	35	49	13	
Dec-24-2005	2	5	20	21	36	37	29	
Dec-28-2005	9	12	20	33	39	44	22	
Dec-31-2005	10	11	20	25	30	49	32	
Jan-4-2006	9	18	31	41	48	49	34	
Jan-7-2006	3	7	9	17	20	28	15	
Jan-11-2006	4	5	8	12	26	47	9	
Jan-14-2006	9	23	28	37	38	49	41	
Jan-18-2006	7	10	13	20	23	37	44	
Jan-21-2006	17	37	39	40	44	46	5	
Jan-25-2006	2	8	13	14	19	45	24	
Jan-28-2006	2	16	20	25	39	40	38	
Feb-1-2006	1	21	33	35	38	43	12	
Feb-4-2006	2	3	4	18	30	31	41	
Feb-8-2006	4	10	23	36	38	49	19	
Feb-11-2006	8	10	12	22	28	47	7	
Feb-15-2006	2	6	7	37	39	47	21	
Feb-18-2006	11	15	17	18	23	33	5	
Feb-22-2006	9	25	27	31	45	48	39	
Feb-25-2006	10	17	19	20	43	45	33	
Mar-1-2006	13	17	28	37	38	48	49	
Mar-4-2006	12	14	33	35	37	48	24	
Mar-8-2006	8	20	32	34	37	49	16	
Mar-11-2006	9	32	36	37	38	44	5	
Mar-15-2006	14	26	27	37	46	48	41	
Mar-18-2006	5	9	20	32	46	47	27	
Mar-22-2006	11	26	34	37	44	48	21	
Mar-25-2006	2	12	17	24	30	45	47	
Mar-29-2006	2	30	31	35	38	49	33	
Apr-1-2006	4	17	26	38	43	48	10	
Apr-5-2006	22	25	32	36	48	49	2	
Apr-8-2006	8	14	25	33	39	47	38	
Apr-12-2006	6	8	30	38	40	44	15	
Apr-15-2006	1	3	13	17	19	49	45	
Apr-19-2006	14	20	23	27	43	49	28	
Apr-22-2006	1	5	6	15	22	43	39	
Apr-26-2006	3	22	25	35	42	49	5	
Apr-29-2006	9	12	14	31	32	33	8	
May-3-2006	10	13	14	30	44	46	8	
May-6-2006	3	17	24	25	37	48	12	
May-10-2006	8	14	18	19	20	45	35	
May-13-2006	4	12	35	37	39	43	13	
May-17-2006	9	12	20	23	33	39	37	
May-20-2006	2	9	23	29	34	41	40	
May-24-2006	4	9	18	19	23	33	15	
May-27-2006	2	7	23	27	35	37	11	
May-31-2006	7	8	11	17	19	35	26	
Jun-3-2006	16	18	19	22	29	36	32	
Jun-7-2006	12	13	24	31	32	39	1	
Jun-10-2006	14	21	23	25	28	36	18	
Jun-14-2006	4	17	24	29	34	42	8	
Jun-17-2006	18	20	36	37	41	42	11	
Jun-21-2006	9	11	31	38	42	43	20	
Jun-24-2006	9	17	25	26	42	43	47	
Jun-28-2006	15	19	20	26	35	38	46	
Jul-1-2006	1	6	13	24	33	48	35	
Jul-5-2006	15	22	23	27	29	44	34	
Jul-8-2006	4	6	7	19	40	43	35	
Jul-12-2006	2	4	7	32	34	41	39	
Jul-15-2006	3	8	16	37	44	48	29	
Jul-19-2006	1	3	6	20	29	39	43	
Jul-22-2006	2	18	30	34	40	48	47	
Jul-26-2006	3	9	17	20	21	29	1	
Jul-29-2006	5	10	23	25	26	37	36	
Aug-2-2006	13	17	22	24	29	30	9	
Aug-5-2006	25	27	38	39	40	46	32	
Aug-9-2006	12	20	29	35	38	44	9	
Aug-12-2006	1	5	17	28	47	48	6	
Aug-16-2006	1	9	14	17	20	38	8	
Aug-19-2006	15	24	29	32	36	48	3	
Aug-23-2006	8	9	17	22	29	42	36	
Aug-26-2006	2	5	16	23	29	45	30	
Aug-30-2006	5	10	18	32	34	36	19	
Sep-2-2006	10	19	20	35	41	43	45	
Sep-6-2006	1	6	20	32	39	40	37	
Sep-9-2006	13	17	19	21	38	44	7	
Sep-13-2006	2	3	40	42	45	48	31	
Sep-16-2006	3	12	30	35	44	47	4	
Sep-20-2006	3	11	18	25	26	39	38	
Sep-23-2006	2	15	20	33	34	40	38	
Sep-27-2006	3	6	26	31	32	41	34	
Sep-30-2006	3	21	24	31	36	49	47	
Oct-4-2006	6	10	24	25	28	35	37	
Oct-7-2006	10	15	17	19	27	33	28	
Oct-11-2006	18	21	23	26	33	35	36	
Oct-14-2006	1	5	19	20	21	47	37	
Oct-18-2006	13	32	33	39	43	45	19	
Oct-21-2006	1	7	19	40	41	44	36	
Oct-25-2006	18	22	24	30	46	48	1	
Oct-28-2006	4	11	16	26	34	47	41	
Nov-1-2006	4	7	13	26	30	49	11	
Nov-4-2006	1	21	27	39	42	43	14	
Nov-8-2006	7	11	30	32	34	47	16	
Nov-11-2006	20	22	23	26	39	42	33	
Nov-15-2006	4	5	12	13	35	45	30	
Nov-18-2006	1	5	7	18	24	48	40	
Nov-22-2006	8	15	20	25	36	47	46	
Nov-25-2006	19	20	23	25	35	49	27	
Nov-29-2006	7	16	21	40	43	44	3	
Dec-2-2006	3	5	7	36	43	49	16	
Dec-6-2006	1	10	33	34	39	42	19	
Dec-9-2006	21	22	32	40	41	48	1	
Dec-13-2006	5	16	21	32	34	44	49	
Dec-16-2006	10	19	30	40	41	45	43	
Dec-20-2006	18	23	25	35	45	47	34	
Dec-23-2006	3	11	25	28	31	33	42	
Dec-27-2006	15	21	22	33	38	40	31	
Dec-30-2006	1	12	17	19	24	34	44	
Jan-3-2007	3	25	35	38	41	49	26	
Jan-6-2007	9	19	20	24	25	30	2	
Jan-10-2007	4	26	29	38	39	47	43	
Jan-13-2007	3	4	9	14	22	47	12	
Jan-17-2007	1	6	11	24	28	37	27	
Jan-20-2007	4	23	33	38	42	48	31	
Jan-24-2007	4	8	18	30	43	46	25	
Jan-27-2007	4	18	21	33	34	35	26	
Jan-31-2007	8	16	22	33	43	45	6	
Feb-3-2007	2	4	11	28	38	46	39	
Feb-7-2007	7	13	23	36	43	44	20	
Feb-10-2007	7	30	35	39	42	45	44	
Feb-14-2007	12	18	25	33	40	44	36	
Feb-17-2007	1	10	16	21	33	41	12	
Feb-21-2007	3	4	23	26	33	37	38	
Feb-24-2007	3	8	10	16	22	43	31	
Feb-28-2007	4	5	9	11	26	39	15	
Mar-3-2007	11	13	22	29	41	43	16	
Mar-7-2007	3	20	21	27	35	37	23	
Mar-10-2007	12	20	24	32	36	42	44	
Mar-14-2007	18	25	26	29	44	46	4	
Mar-17-2007	15	20	26	36	45	46	9	
Mar-21-2007	1	8	9	24	42	48	35	
Mar-24-2007	8	19	24	25	26	27	42	
Mar-28-2007	6	10	21	24	38	39	35	
Mar-31-2007	19	20	32	41	44	49	21	
Apr-4-2007	18	19	26	30	38	43	9	
Apr-7-2007	5	11	19	21	34	49	14	
Apr-11-2007	14	24	28	33	34	49	40	
Apr-14-2007	4	10	15	34	36	48	11	
Apr-18-2007	13	25	39	46	48	49	40	
Apr-21-2007	7	10	13	19	23	38	44	
Apr-25-2007	2	14	26	31	32	37	24	
Apr-28-2007	19	22	23	29	30	31	11	
May-2-2007	1	8	16	45	48	49	41	
May-5-2007	4	5	18	19	33	48	47	
May-9-2007	5	23	26	36	40	46	20	
May-12-2007	1	31	33	36	37	45	46	
May-16-2007	9	19	20	36	43	48	34	
May-19-2007	7	8	10	15	25	46	36	
May-23-2007	13	28	34	40	42	45	35	
May-26-2007	5	24	25	29	36	46	28	
May-30-2007	13	25	33	38	45	48	47	
Jun-2-2007	1	2	11	19	38	43	24	
Jun-6-2007	5	11	15	31	34	38	30	
Jun-9-2007	7	16	17	26	41	49	45	
Jun-13-2007	4	5	6	15	33	46	38	
Jun-16-2007	1	6	18	20	23	45	49	
Jun-20-2007	5	8	12	15	17	26	3	
Jun-23-2007	13	21	25	40	44	49	8	
Jun-27-2007	3	5	14	24	33	46	37	
Jun-30-2007	3	12	21	23	27	30	7	
Jul-4-2007	1	4	13	20	31	34	42	
Jul-7-2007	15	17	41	42	47	49	7	
Jul-11-2007	2	14	15	19	45	47	4	
Jul-14-2007	6	14	17	31	35	36	28	
Jul-18-2007	1	6	9	12	41	44	47	
Jul-21-2007	17	24	28	44	45	48	18	
Jul-25-2007	13	19	20	22	27	44	32	
Jul-28-2007	3	20	29	38	41	45	16	
Aug-1-2007	5	19	30	32	37	42	43	
Aug-4-2007	3	4	10	11	40	41	37	
Aug-8-2007	4	10	19	25	40	44	46	
Aug-11-2007	1	17	27	31	43	46	49	
Aug-15-2007	6	7	9	27	29	47	13	
Aug-18-2007	3	8	9	16	30	44	19	
Aug-22-2007	8	26	29	42	44	48	6	
Aug-25-2007	3	7	13	24	29	44	16	
Aug-29-2007	1	14	19	20	24	36	26	
Sep-1-2007	16	18	22	37	41	47	35	
Sep-5-2007	30	35	42	43	44	47	23	
Sep-8-2007	3	8	20	22	34	46	5	
Sep-12-2007	15	18	26	36	39	40	32	
Sep-15-2007	1	11	20	24	27	47	42	
Sep-19-2007	5	13	16	35	40	42	45	
Sep-22-2007	7	8	30	38	39	42	24	
Sep-26-2007	5	23	27	31	35	43	32	
Sep-29-2007	3	4	15	21	31	44	28	
Oct-3-2007	8	15	16	22	26	44	7	
Oct-6-2007	4	11	31	36	43	49	12	
Oct-10-2007	1	8	18	19	37	39	31	
Oct-13-2007	1	3	29	42	46	47	48	
Oct-17-2007	10	14	20	30	34	35	25	
Oct-20-2007	12	16	27	28	33	46	20	
Oct-24-2007	4	7	19	22	30	45	10	
Oct-27-2007	10	17	23	42	44	45	46	
Oct-31-2007	10	13	16	23	32	38	45	
Nov-3-2007	28	31	37	45	46	48	41	
Nov-7-2007	6	20	21	29	30	42	23	
Nov-10-2007	12	19	34	41	46	47	2	
Nov-14-2007	1	3	4	6	27	41	18	
Nov-17-2007	3	32	33	34	37	47	35	
Nov-21-2007	5	10	22	24	30	32	33	
Nov-24-2007	2	16	18	24	46	48	44	
Nov-28-2007	1	2	3	17	37	49	33	
Dec-1-2007	5	6	10	16	33	36	35	
Dec-5-2007	2	17	25	28	29	32	33	
Dec-8-2007	8	23	25	26	30	34	13	
Dec-12-2007	8	26	29	30	33	43	19	
Dec-15-2007	10	12	21	24	31	32	16	
Dec-19-2007	3	17	26	28	46	47	12	
Dec-22-2007	3	24	33	46	47	49	25	
Dec-26-2007	9	10	17	34	48	49	19	
Dec-29-2007	26	27	28	35	40	47	5	
Jan-2-2008	29	35	39	43	47	48	3	
Jan-5-2008	11	14	27	32	37	48	30	
Jan-9-2008	9	10	14	21	30	44	41	
Jan-12-2008	2	20	21	38	39	40	11	
Jan-16-2008	5	17	19	24	40	47	46	
Jan-19-2008	19	25	28	37	41	44	18	
Jan-23-2008	10	27	30	40	42	48	33	
Jan-26-2008	4	21	23	40	46	48	28	
Jan-30-2008	5	33	35	39	40	45	13	
Feb-2-2008	8	10	23	27	30	36	31	
Feb-6-2008	3	7	22	23	42	46	12	
Feb-9-2008	9	10	13	21	26	38	36	
Feb-13-2008	3	12	22	31	40	49	2	
Feb-16-2008	13	16	37	41	48	49	3	
Feb-20-2008	13	14	16	21	35	44	30	
Feb-23-2008	4	12	14	26	30	35	36	
Feb-27-2008	12	18	33	34	37	38	6	
Mar-1-2008	7	22	28	32	39	49	19	
Mar-5-2008	14	22	27	28	37	48	10	
Mar-8-2008	1	7	25	29	45	47	49	
Mar-12-2008	2	4	13	31	40	46	1	
Mar-15-2008	15	16	18	22	31	40	42	
Mar-19-2008	2	4	29	40	41	44	34	
Mar-22-2008	8	14	26	28	34	47	44	
Mar-26-2008	18	21	33	35	36	47	25	
Mar-29-2008	13	16	31	33	40	47	6	
Apr-2-2008	15	17	21	29	38	41	40	
Apr-5-2008	4	9	12	16	29	44	24	
Apr-9-2008	19	33	38	42	46	48	3	
Apr-12-2008	7	14	19	32	33	45	17	
Apr-16-2008	6	16	17	26	42	46	31	
Apr-19-2008	11	12	16	26	27	41	17	
Apr-23-2008	8	28	29	36	42	44	15	
Apr-26-2008	1	15	29	30	36	43	31	
Apr-30-2008	14	21	22	32	37	39	19	
May-3-2008	6	7	16	18	33	48	45	
May-7-2008	1	7	31	34	44	46	13	
May-10-2008	2	4	6	30	31	32	17	
May-14-2008	5	12	14	25	28	35	26	
May-17-2008	5	10	24	30	42	44	21	
May-21-2008	10	28	30	36	37	45	21	
May-24-2008	7	13	41	43	46	48	39	
May-28-2008	2	11	12	16	45	49	14	
May-31-2008	16	20	26	34	41	44	17	
Jun-4-2008	2	27	33	45	46	48	41	
Jun-7-2008	7	12	14	33	43	44	29	
Jun-11-2008	10	14	18	32	36	48	24	
Jun-14-2008	8	9	23	38	45	48	6	
Jun-18-2008	8	18	21	40	47	49	31	
Jun-21-2008	6	13	17	18	30	48	33	
Jun-25-2008	3	5	10	15	17	37	28	
Jun-28-2008	3	15	33	34	35	42	28	
Jul-2-2008	3	9	13	39	44	49	38	
Jul-5-2008	1	7	12	26	33	39	45	
Jul-9-2008	5	9	18	21	32	40	33	
Jul-12-2008	5	11	30	31	34	40	44	
Jul-16-2008	1	4	11	23	27	46	37	
Jul-19-2008	5	27	29	30	32	44	10	
Jul-23-2008	4	17	29	43	46	47	35	
Jul-26-2008	3	10	14	17	25	43	11	
Jul-30-2008	11	19	24	25	30	44	48	
Aug-2-2008	9	17	19	21	28	45	27	
Aug-6-2008	1	15	16	34	43	45	49	
Aug-9-2008	1	10	27	33	48	49	12	
Aug-13-2008	1	11	20	30	35	49	43	
Aug-16-2008	1	6	7	11	12	24	37	
Aug-20-2008	6	16	20	27	40	49	28	
Aug-23-2008	8	29	33	35	37	39	38	
Aug-27-2008	1	3	9	32	34	48	6	
Aug-30-2008	5	22	35	39	44	49	43	
Sep-3-2008	2	3	11	29	30	39	21	
Sep-6-2008	3	20	32	33	39	41	24	
Sep-10-2008	3	5	18	23	25	42	48	
Sep-13-2008	1	9	12	21	45	46	19	
Sep-17-2008	1	6	13	22	24	31	29	
Sep-20-2008	13	14	27	36	38	48	21	
Sep-24-2008	19	32	36	38	40	46	18	
Sep-27-2008	2	3	7	26	39	41	18	
Oct-1-2008	2	5	9	18	21	46	16	
Oct-4-2008	8	9	11	12	21	32	19	
Oct-8-2008	5	9	19	41	43	45	1	
Oct-11-2008	23	33	38	39	44	46	15	
Oct-15-2008	25	32	33	38	45	46	28	
Oct-18-2008	1	2	5	16	17	48	34	
Oct-22-2008	2	13	30	32	38	46	48	
Oct-25-2008	4	18	19	25	30	44	13	
Oct-29-2008	14	18	29	31	39	47	10	
Nov-1-2008	9	10	16	28	39	49	42	
Nov-5-2008	11	16	23	32	40	41	47	
Nov-8-2008	5	15	29	31	48	49	8	
Nov-12-2008	14	22	29	31	33	35	32	
Nov-15-2008	7	10	17	26	36	46	21	
Nov-19-2008	9	11	13	29	32	36	34	
Nov-22-2008	6	8	24	25	30	41	14	
Nov-26-2008	14	20	33	43	45	49	48	
Nov-29-2008	8	14	26	31	33	44	32	
Dec-3-2008	16	19	26	38	39	42	28	
Dec-6-2008	1	4	30	34	42	46	39	
Dec-10-2008	2	6	18	30	35	41	32	
Dec-13-2008	8	20	34	39	40	41	37	
Dec-17-2008	16	22	23	36	41	42	47	
Dec-20-2008	1	3	4	6	27	46	5	
Dec-24-2008	11	13	26	30	34	48	9	
Dec-27-2008	14	15	16	31	34	42	4	
Dec-31-2008	17	23	25	38	44	49	1	
Jan-3-2009	16	17	34	38	44	46	30	
Jan-7-2009	3	13	19	32	42	45	47	
Jan-10-2009	1	6	9	10	22	34	3	
Jan-14-2009	1	11	20	43	44	48	4	
Jan-17-2009	9	12	14	23	27	31	45	
Jan-21-2009	8	9	21	24	33	41	5	
Jan-24-2009	3	4	10	17	29	49	1	
Jan-28-2009	3	10	12	38	46	48	34	
Jan-31-2009	2	4	5	11	17	37	31	
Feb-4-2009	7	10	18	21	31	36	20	
Feb-7-2009	4	9	14	21	24	32	40	
Feb-11-2009	7	21	27	43	45	48	18	
Feb-14-2009	10	16	20	24	29	44	1	
Feb-18-2009	1	4	24	36	38	39	47	
Feb-21-2009	5	14	23	25	40	46	34	
Feb-25-2009	3	5	16	25	32	39	20	
Feb-28-2009	8	21	40	41	44	46	5	
Mar-4-2009	3	16	17	22	40	42	33	
Mar-7-2009	13	31	32	36	40	48	43	
Mar-11-2009	2	13	22	28	37	43	32	
Mar-14-2009	7	16	22	30	36	45	19	
Mar-18-2009	9	16	18	24	36	48	3	
Mar-21-2009	3	17	19	24	35	39	44	
Mar-25-2009	3	23	31	37	38	49	19	
Mar-28-2009	5	9	10	12	37	41	1	
Apr-1-2009	16	23	39	41	42	48	25	
Apr-4-2009	1	3	6	10	20	49	15	
Apr-8-2009	4	13	29	31	38	45	7	
Apr-11-2009	9	29	37	39	41	45	22	
Apr-15-2009	4	6	15	22	24	25	28	
Apr-18-2009	11	12	20	25	38	49	7	
Apr-22-2009	1	13	20	36	38	47	28	
Apr-25-2009	6	14	29	32	33	34	3	
Apr-29-2009	1	4	6	20	32	38	22	
May-2-2009	12	18	23	27	30	44	4	
May-6-2009	5	8	18	34	39	47	21	
May-9-2009	3	7	10	16	35	38	34	
May-13-2009	1	5	18	20	26	45	16	
May-16-2009	1	9	20	33	41	49	46	
May-20-2009	8	13	17	28	30	40	18	
May-23-2009	2	19	23	30	36	46	17	
May-27-2009	9	24	36	44	47	48	33	
May-30-2009	3	19	25	26	35	38	20	
Jun-3-2009	3	15	16	28	40	45	17	
Jun-6-2009	9	23	24	30	40	49	37	
Jun-10-2009	11	24	27	31	36	39	8	
Jun-13-2009	13	14	17	27	33	43	8	
Jun-17-2009	9	14	25	41	48	49	21	
Jun-20-2009	5	17	21	23	24	29	35	
Jun-24-2009	9	11	16	19	31	34	24	
Jun-27-2009	8	13	18	19	20	31	44	
Jul-1-2009	2	6	7	11	13	40	3	
Jul-4-2009	23	25	31	37	38	39	9	
Jul-8-2009	14	19	20	33	36	46	44	
Jul-11-2009	5	11	12	29	34	38	23	
Jul-15-2009	1	6	9	23	35	39	14	
Jul-18-2009	8	9	11	16	26	39	42	
Jul-22-2009	2	4	14	33	41	49	23	
Jul-25-2009	12	15	22	31	38	46	14	
Jul-29-2009	2	10	13	17	35	40	30	
Aug-1-2009	5	12	21	25	26	29	2	
Aug-5-2009	5	16	33	36	37	41	31	
Aug-8-2009	5	6	17	21	23	32	48	
Aug-12-2009	5	31	35	38	41	43	8	
Aug-15-2009	3	27	32	38	41	43	24	
Aug-19-2009	1	6	15	28	41	46	23	
Aug-22-2009	9	13	16	30	34	44	35	
Aug-26-2009	9	20	21	27	47	48	5	
Aug-29-2009	7	9	11	25	33	48	1	
Sep-2-2009	7	20	24	30	36	49	17	
Sep-5-2009	20	22	23	43	48	49	37	
Sep-9-2009	2	5	10	39	41	48	6	
Sep-12-2009	3	12	24	41	43	44	11	
Sep-16-2009	3	12	17	34	38	49	44	
Sep-19-2009	3	10	14	20	27	46	2	
Sep-23-2009	3	28	30	33	40	44	46	
Sep-26-2009	2	11	16	17	35	40	34	
Sep-30-2009	5	19	34	38	41	45	4	
Oct-3-2009	3	13	15	34	36	45	27	
Oct-7-2009	13	22	30	32	40	41	28	
Oct-10-2009	5	7	23	26	33	48	46	
Oct-14-2009	15	18	23	24	29	42	22	
Oct-17-2009	8	20	21	31	32	44	27	
Oct-21-2009	7	19	28	33	37	43	40	
Oct-24-2009	3	5	9	13	23	43	42	
Oct-28-2009	8	10	31	39	42	44	27	
Oct-31-2009	2	7	14	22	32	45	27	
Nov-4-2009	11	18	19	20	22	30	47	
Nov-7-2009	21	29	41	44	47	49	36	
Nov-11-2009	5	11	18	23	26	28	43	
Nov-14-2009	6	20	25	27	29	44	12	
Nov-18-2009	6	10	18	23	30	45	9	
Nov-21-2009	2	9	11	19	23	28	17	
Nov-25-2009	3	15	17	40	42	49	7	
Nov-28-2009	9	10	24	25	29	37	21	
Dec-2-2009	8	14	16	26	36	45	20	
Dec-5-2009	23	25	35	36	37	42	8	
Dec-9-2009	9	21	26	29	39	40	2	
Dec-12-2009	10	12	20	25	28	42	39	
Dec-16-2009	24	26	38	40	44	48	2	
Dec-19-2009	6	27	29	32	39	45	18	
Dec-23-2009	4	16	19	23	38	47	35	
Dec-26-2009	5	12	19	23	41	49	38	
Dec-30-2009	7	8	20	22	30	49	39	
Jan-2-2010	7	11	12	33	40	41	14	
Jan-6-2010	1	4	5	15	29	45	3	
Jan-9-2010	1	8	22	24	45	46	44	
Jan-13-2010	18	32	33	35	42	46	7	
Jan-16-2010	4	10	11	20	26	41	32	
Jan-20-2010	1	22	23	26	31	36	5	
Jan-23-2010	6	18	26	35	40	42	44	
Jan-27-2010	7	11	15	22	39	49	2	
Jan-30-2010	16	21	22	29	38	46	44	
Feb-3-2010	20	22	28	31	34	48	18	
Feb-6-2010	19	24	28	33	37	49	45	
Feb-10-2010	3	13	20	34	36	39	15	
Feb-13-2010	1	2	8	16	31	42	30	
Feb-17-2010	5	7	10	25	41	48	27	
Feb-20-2010	4	21	22	24	37	42	15	
Feb-24-2010	17	18	21	26	27	29	7	
Feb-27-2010	12	13	14	15	21	48	1	
Mar-3-2010	1	15	17	24	36	42	41	
Mar-6-2010	4	5	18	19	23	35	32	
Mar-10-2010	6	18	24	30	41	49	36	
Mar-13-2010	3	22	23	28	41	48	46	
Mar-17-2010	7	26	30	31	33	49	38	
Mar-20-2010	7	12	22	27	34	38	25	
Mar-24-2010	7	12	22	24	34	45	25	
Mar-27-2010	1	23	24	38	41	48	44	
Mar-31-2010	3	10	17	27	33	46	36	
Apr-3-2010	3	19	24	27	35	48	43	
Apr-7-2010	6	18	38	39	42	48	41	
Apr-10-2010	6	16	30	33	37	47	31	
Apr-14-2010	3	23	28	38	39	49	46	
Apr-17-2010	25	34	43	44	45	48	28	
Apr-21-2010	1	7	8	11	28	39	45	
Apr-24-2010	13	17	32	37	38	41	3	
Apr-28-2010	1	8	16	23	33	38	21	
May-1-2010	13	15	28	32	47	48	6	
May-5-2010	4	5	7	13	31	33	42	
May-8-2010	14	18	27	33	38	39	23	
May-12-2010	9	22	27	29	37	41	44	
May-15-2010	7	9	18	39	41	48	20	
May-19-2010	2	10	11	15	16	33	21	
May-22-2010	1	6	11	15	25	46	24	
May-26-2010	1	5	17	31	36	45	47	
May-29-2010	13	19	25	35	37	43	28	
Jun-2-2010	4	5	17	30	38	48	15	
Jun-5-2010	2	10	19	25	40	44	24	
Jun-9-2010	6	19	23	24	28	40	13	
Jun-12-2010	1	2	10	15	26	29	12	
Jun-16-2010	10	12	16	24	35	40	15	
Jun-19-2010	3	11	17	30	33	35	46	
Jun-23-2010	20	22	26	27	34	40	14	
Jun-26-2010	13	16	30	34	41	45	33	
Jun-30-2010	4	14	25	35	38	41	39	
Jul-3-2010	16	20	28	31	40	49	15	
Jul-7-2010	11	18	20	29	33	42	12	
Jul-10-2010	3	4	6	17	20	22	32	
Jul-14-2010	12	27	29	39	43	49	5	
Jul-17-2010	13	15	21	37	41	49	5	
Jul-21-2010	1	16	21	25	33	34	17	
Jul-24-2010	14	24	29	30	34	39	41	
Jul-28-2010	9	17	22	28	42	46	2	
Jul-31-2010	6	9	16	21	32	34	8	
Aug-4-2010	2	11	28	35	42	48	4	
Aug-7-2010	3	8	16	22	24	32	44	
Aug-11-2010	3	11	21	28	29	35	18	
Aug-14-2010	1	8	13	41	46	48	20	
Aug-18-2010	2	15	20	34	41	46	10	
Aug-21-2010	7	28	30	31	32	45	24	
Aug-25-2010	9	15	26	27	32	43	48	
Aug-28-2010	8	10	21	26	28	49	25	
Sep-1-2010	2	6	16	26	34	36	40	
Sep-4-2010	3	9	15	19	32	46	27	
Sep-8-2010	4	6	13	21	24	26	29	
Sep-11-2010	2	6	15	18	28	29	31	
Sep-15-2010	3	13	28	29	40	42	45	
Sep-18-2010	2	7	9	10	20	23	19	
Sep-22-2010	4	9	25	27	32	46	43	
Sep-25-2010	2	3	8	18	40	49	9	
Sep-29-2010	4	6	8	12	35	40	30	
Oct-2-2010	2	23	33	39	43	44	9	
Oct-6-2010	2	15	26	27	41	45	21	
Oct-9-2010	3	8	19	29	32	49	13	
Oct-13-2010	14	16	23	35	37	48	2	
Oct-16-2010	2	17	22	28	41	43	8	
Oct-20-2010	4	8	37	41	46	47	9	
Oct-23-2010	6	22	23	28	38	48	13	
Oct-27-2010	14	16	17	25	29	43	19	
Oct-30-2010	10	12	17	22	38	40	43	
Nov-3-2010	10	22	30	36	45	47	19	
Nov-6-2010	1	11	13	17	23	31	27	
Nov-10-2010	5	14	18	29	35	40	47	
Nov-13-2010	11	13	35	37	38	48	12	
Nov-17-2010	7	9	15	18	27	39	37	
Nov-20-2010	20	24	28	29	34	49	5	
Nov-24-2010	3	7	11	34	35	44	23	
Nov-27-2010	9	26	30	31	39	43	14	
Dec-1-2010	2	9	11	26	29	33	30	
Dec-4-2010	1	4	13	19	21	22	16	
Dec-8-2010	2	6	8	37	43	49	32	
Dec-11-2010	11	14	18	29	31	40	39	
Dec-15-2010	5	7	8	11	44	49	48	
Dec-18-2010	15	16	24	34	43	47	6	
Dec-22-2010	5	25	31	35	42	47	12	
Dec-25-2010	6	10	12	15	16	44	13	
Dec-29-2010	4	14	26	35	38	41	39	
Jan-1-2011	11	22	25	27	28	46	21	
Jan-5-2011	1	9	21	39	40	47	23	
Jan-8-2011	6	19	25	28	31	32	41	
Jan-12-2011	16	18	19	22	35	46	28	
Jan-15-2011	8	15	19	31	32	34	12	
Jan-19-2011	7	20	22	26	38	46	21	
Jan-22-2011	11	19	22	33	36	39	28	
Jan-26-2011	1	7	32	38	44	49	22	
Jan-29-2011	6	16	38	39	45	48	12	
Feb-2-2011	1	21	31	43	47	48	44	
Feb-5-2011	6	11	19	25	29	31	37	
Feb-9-2011	8	13	23	26	32	39	15	
Feb-12-2011	9	16	22	23	27	33	8	
Feb-16-2011	1	13	18	30	38	39	5	
Feb-19-2011	6	10	20	30	33	43	3	
Feb-23-2011	5	16	24	27	31	36	47	
Feb-26-2011	5	10	13	26	42	49	30	
Mar-2-2011	1	3	23	32	35	45	26	
Mar-5-2011	13	31	39	41	47	49	15	
Mar-9-2011	1	6	10	24	26	48	21	
Mar-12-2011	7	13	15	21	29	38	49	
Mar-16-2011	5	19	21	30	35	45	13	
Mar-19-2011	2	16	17	26	30	35	3	
Mar-23-2011	5	13	23	25	29	34	19	
Mar-26-2011	20	22	29	30	40	46	19	
Mar-30-2011	1	19	21	23	28	46	14	
Apr-2-2011	10	11	37	38	44	49	23	
Apr-6-2011	3	6	11	14	34	36	4	
Apr-9-2011	1	4	25	26	36	40	24	
Apr-13-2011	8	9	23	24	34	39	42	
Apr-16-2011	1	22	27	42	44	46	24	
Apr-20-2011	7	18	27	28	30	34	29	
Apr-23-2011	9	11	16	21	22	28	18	
Apr-27-2011	3	9	11	28	32	33	5	
Apr-30-2011	11	25	30	41	44	47	24	
May-4-2011	8	14	16	20	29	30	13	
May-7-2011	17	23	24	25	30	40	1	
May-11-2011	1	5	12	33	47	48	14	
May-14-2011	8	11	20	32	38	46	28	
May-18-2011	4	11	20	28	37	38	46	
May-21-2011	6	11	14	20	22	29	18	
May-25-2011	4	7	14	17	37	41	3	
May-28-2011	6	10	20	27	36	39	48	
Jun-1-2011	9	16	20	26	36	47	49	
Jun-4-2011	10	20	26	35	43	49	33	
Jun-8-2011	15	21	29	35	42	49	26	
Jun-11-2011	6	8	16	29	35	46	22	
Jun-15-2011	9	12	17	18	30	36	27	
Jun-18-2011	30	35	40	41	42	48	27	
Jun-22-2011	4	13	15	25	35	41	37	
Jun-25-2011	6	10	29	35	40	49	14	
Jun-29-2011	4	12	21	30	39	49	15	
Jul-2-2011	8	14	16	22	45	47	30	
Jul-6-2011	4	17	20	24	25	30	35	
Jul-9-2011	6	16	18	32	35	37	41	
Jul-13-2011	2	7	9	21	39	41	6	
Jul-16-2011	5	19	21	28	44	47	13	
Jul-20-2011	13	17	23	27	35	37	34	
Jul-23-2011	21	22	26	32	34	48	24	
Jul-27-2011	2	19	20	24	28	46	12	
Jul-30-2011	18	23	25	30	38	39	24	
Aug-3-2011	6	8	15	20	23	41	29	
Aug-6-2011	12	21	32	33	37	42	19	
Aug-10-2011	10	12	21	24	34	49	35	
Aug-13-2011	9	12	30	34	39	42	29	
Aug-17-2011	5	9	20	27	29	39	1	
Aug-20-2011	2	15	29	30	37	44	7	
Aug-24-2011	2	19	32	40	41	43	47	
Aug-27-2011	7	11	22	42	43	44	18	
Aug-31-2011	8	11	16	31	40	43	24	
Sep-3-2011	12	18	20	25	37	43	21	
Sep-7-2011	3	10	18	32	40	44	9	
Sep-10-2011	3	33	41	43	48	49	29	
Sep-14-2011	9	18	32	37	40	45	42	
Sep-17-2011	5	10	22	29	40	42	3	
Sep-21-2011	14	15	32	33	37	45	43	
Sep-24-2011	13	16	30	32	33	36	14	
Sep-28-2011	26	31	32	40	43	45	15	
Oct-1-2011	19	25	26	37	38	45	20	
Oct-5-2011	8	20	36	38	46	49	12	
Oct-8-2011	4	9	14	35	36	42	25	
Oct-12-2011	2	23	33	40	41	44	36	
Oct-15-2011	2	11	26	27	30	35	16	
Oct-19-2011	11	26	35	37	44	46	29	
Oct-22-2011	2	5	9	18	24	33	43	
Oct-26-2011	14	23	25	37	42	43	3	
Oct-29-2011	10	24	31	42	43	44	21	
Nov-2-2011	9	24	38	41	45	46	20	
Nov-5-2011	1	4	14	17	26	29	37	
Nov-9-2011	5	9	28	30	33	39	43	
Nov-12-2011	9	10	20	27	29	47	30	
Nov-16-2011	13	19	26	29	38	39	49	
Nov-19-2011	19	22	23	30	46	48	49	
Nov-23-2011	24	34	40	43	44	49	31	
Nov-26-2011	7	15	26	35	44	48	25	
Nov-30-2011	1	8	10	21	30	42	41	
Dec-3-2011	17	20	21	26	31	41	48	
Dec-7-2011	7	18	32	42	44	47	34	
Dec-10-2011	12	13	29	33	45	46	26	
Dec-14-2011	3	6	11	17	20	28	2	
Dec-17-2011	3	8	9	10	17	44	31	
Dec-21-2011	6	12	19	28	31	46	7	
Dec-24-2011	9	16	23	27	33	49	5	
Dec-28-2011	4	6	25	36	38	47	17	
Dec-31-2011	13	18	19	41	45	49	32	
Jan-4-2012	9	10	13	14	15	41	33	
Jan-7-2012	4	14	18	32	36	43	44	
Jan-11-2012	13	19	20	31	35	47	34	
Jan-14-2012	1	11	23	32	45	47	5	
Jan-18-2012	3	7	8	25	26	46	38	
Jan-21-2012	13	17	33	36	39	49	43	
Jan-25-2012	2	4	18	22	43	47	46	
Jan-28-2012	14	32	35	40	42	46	27	
Feb-1-2012	2	17	23	25	43	46	47	
Feb-4-2012	4	18	21	24	27	31	23	
Feb-8-2012	3	10	21	24	27	42	6	
Feb-11-2012	4	14	17	25	34	37	21	
Feb-15-2012	12	29	34	37	39	42	19	
Feb-18-2012	12	25	32	42	47	49	6	
Feb-22-2012	1	3	13	21	26	34	32	
Feb-25-2012	17	29	32	33	39	45	11	
Feb-29-2012	20	35	39	43	44	46	27	
Mar-3-2012	6	14	29	31	39	49	20	
Mar-7-2012	3	12	29	40	42	49	36	
Mar-10-2012	6	15	16	34	40	47	41	
Mar-14-2012	7	10	14	15	25	27	2	
Mar-17-2012	9	11	29	30	35	40	18	
Mar-21-2012	19	29	35	38	43	46	44	
Mar-24-2012	1	2	13	20	30	35	19	
Mar-28-2012	2	5	16	25	27	41	19	
Mar-31-2012	8	23	24	31	39	49	45	
Apr-4-2012	14	20	38	40	48	49	46	
Apr-7-2012	6	21	22	35	43	47	11	
Apr-11-2012	6	17	19	31	38	43	13	
Apr-14-2012	17	20	26	28	31	49	12	
Apr-18-2012	17	18	41	44	47	48	36	
Apr-21-2012	1	6	21	26	27	28	49	
Apr-25-2012	8	15	17	22	33	45	40	
Apr-28-2012	6	14	22	31	36	39	21	
May-2-2012	14	18	23	39	41	48	10	
May-5-2012	21	28	41	46	47	48	19	
May-9-2012	8	18	24	28	29	42	32	
May-12-2012	5	21	28	36	41	46	11	
May-16-2012	3	16	18	19	38	43	44	
May-19-2012	5	16	19	25	34	37	33	
May-23-2012	1	17	27	31	44	48	24	
May-26-2012	4	8	19	21	23	45	38	
May-30-2012	18	19	24	28	42	43	39	
Jun-2-2012	3	12	14	30	45	46	13	
Jun-6-2012	8	13	16	23	45	47	4	
Jun-9-2012	3	4	18	27	41	45	6	
Jun-13-2012	7	10	19	20	24	44	3	
Jun-16-2012	4	6	8	30	31	49	1	
Jun-20-2012	1	8	13	29	43	49	11	
Jun-23-2012	8	15	17	25	35	38	9	
Jun-27-2012	2	4	18	26	40	47	6	
Jun-30-2012	3	11	21	30	42	43	44	
Jul-4-2012	10	11	21	23	32	38	20	
Jul-7-2012	7	11	19	29	38	48	28	
Jul-11-2012	15	16	20	21	30	44	39	
Jul-14-2012	10	12	16	25	46	48	27	
Jul-18-2012	14	16	25	30	40	47	9	
Jul-21-2012	11	30	31	32	36	37	4	
Jul-25-2012	2	11	12	35	40	43	15	
Jul-28-2012	11	16	35	37	38	39	6	
Aug-1-2012	15	29	31	37	40	45	12	
Aug-4-2012	7	8	16	45	47	49	38	
Aug-8-2012	18	25	26	28	35	48	21	
Aug-11-2012	8	33	34	41	45	47	49	
Aug-15-2012	1	7	20	38	40	43	9	
Aug-18-2012	7	12	23	33	34	35	20	
Aug-22-2012	6	16	24	26	31	43	32	
Aug-25-2012	1	5	7	14	17	19	27	
Aug-29-2012	7	8	9	29	31	46	43	
Sep-1-2012	24	25	27	31	37	45	21	
Sep-5-2012	6	12	18	33	35	40	20	
Sep-8-2012	2	4	11	12	16	26	28	
Sep-12-2012	1	3	14	20	22	32	18	
Sep-15-2012	2	17	23	30	34	48	33	
Sep-19-2012	1	13	20	30	39	49	31	
Sep-22-2012	1	8	14	32	37	45	46	
Sep-26-2012	4	6	26	31	39	41	25	
Sep-29-2012	8	12	13	29	43	46	20	
Oct-3-2012	7	17	19	22	28	46	10	
Oct-6-2012	8	20	25	32	42	48	21	
Oct-10-2012	2	8	21	23	34	35	25	
Oct-13-2012	1	10	18	27	44	47	26	
Oct-17-2012	7	11	24	33	42	47	6	
Oct-20-2012	1	4	8	14	28	43	45	
Oct-24-2012	19	29	32	35	42	45	6	
Oct-27-2012	14	22	23	27	45	48	39	
Oct-31-2012	2	6	12	16	37	46	31	
Nov-3-2012	2	5	8	18	22	47	46	
Nov-7-2012	1	3	7	19	26	30	33	
Nov-10-2012	8	27	33	36	38	44	40	
Nov-14-2012	3	5	9	36	47	48	43	
Nov-17-2012	15	18	23	40	46	48	14	
Nov-21-2012	21	24	25	32	36	46	7	
Nov-24-2012	3	10	27	29	38	39	19	
Nov-28-2012	12	21	32	37	40	42	30	
Dec-1-2012	3	4	6	11	22	49	46	
Dec-5-2012	9	16	30	43	44	48	49	
Dec-8-2012	5	12	23	33	41	44	35	
Dec-12-2012	2	6	13	27	30	43	15	
Dec-15-2012	2	9	14	23	38	41	1	
Dec-19-2012	7	18	34	43	45	47	35	
Dec-22-2012	6	7	8	27	40	46	43	
Dec-26-2012	2	6	9	14	40	42	16	
Dec-29-2012	3	8	21	38	44	47	31	
Jan-2-2013	1	17	32	42	46	49	34	
Jan-5-2013	16	21	24	38	42	48	39	
Jan-9-2013	11	15	18	26	40	46	27	
Jan-12-2013	8	13	25	32	44	46	27	
Jan-16-2013	9	22	32	37	38	43	42	
Jan-19-2013	9	18	28	29	33	43	7	
Jan-23-2013	27	30	31	38	45	46	9	
Jan-26-2013	11	21	29	30	43	45	6	
Jan-30-2013	10	15	19	30	42	48	27	
Feb-2-2013	1	6	20	25	38	46	39	
Feb-6-2013	1	5	8	10	11	26	37	
Feb-9-2013	3	6	8	22	28	33	35	
Feb-13-2013	19	23	25	29	41	48	46	
Feb-16-2013	6	13	23	33	44	47	21	
Feb-20-2013	1	10	31	32	42	43	38	
Feb-23-2013	3	8	11	16	42	48	27	
Feb-27-2013	14	19	21	30	37	38	46	
Mar-2-2013	4	17	21	22	30	46	18	
Mar-6-2013	1	7	29	43	46	49	11	
Mar-9-2013	16	24	29	30	32	41	14	
Mar-13-2013	15	17	24	33	34	37	46	
Mar-16-2013	8	16	22	25	30	42	39	
Mar-20-2013	1	10	18	22	34	38	31	
Mar-23-2013	14	24	40	43	44	48	17	
Mar-27-2013	6	13	21	41	42	46	14	
Mar-30-2013	6	25	27	37	44	47	23	
Apr-3-2013	5	18	35	43	44	49	45	
Apr-6-2013	2	8	15	22	23	27	10	
Apr-10-2013	4	7	25	35	38	48	22	
Apr-13-2013	4	21	22	37	41	49	26	
Apr-17-2013	3	4	5	13	28	48	25	
Apr-20-2013	2	6	27	38	41	43	36	
Apr-24-2013	3	17	25	26	30	32	43	
Apr-27-2013	6	11	16	20	29	41	36	
May-1-2013	4	5	8	22	29	30	9	
May-4-2013	17	23	31	35	38	45	9	
May-8-2013	20	25	27	37	39	47	42	
May-11-2013	13	15	20	34	35	46	42	
May-15-2013	9	18	25	26	33	44	12	
May-18-2013	2	11	29	30	37	43	42	
May-22-2013	6	18	29	30	36	48	35	
May-25-2013	6	8	12	17	32	33	3	
May-29-2013	1	10	26	31	43	47	46	
Jun-1-2013	13	18	25	30	38	44	46	
Jun-5-2013	14	18	21	27	43	44	6	
Jun-8-2013	18	19	22	37	39	41	27	
Jun-12-2013	2	6	14	41	45	46	24	
Jun-15-2013	16	19	29	30	44	45	31	
Jun-19-2013	3	6	14	25	26	43	34	
Jun-22-2013	6	23	24	28	42	45	17	
Jun-26-2013	4	5	28	38	39	48	8	
Jun-29-2013	5	8	13	26	29	30	17	
Jul-3-2013	12	19	33	34	36	48	16	
Jul-6-2013	4	6	12	21	33	35	42	
Jul-10-2013	8	9	13	28	40	42	49	
Jul-13-2013	7	16	21	41	42	46	2	
Jul-17-2013	1	14	25	31	33	45	12	
Jul-20-2013	22	26	30	35	41	42	16	
Jul-24-2013	19	28	31	37	46	48	15	
Jul-27-2013	2	4	10	15	20	40	32	
Jul-31-2013	2	15	16	25	45	47	9	
Aug-3-2013	7	13	25	35	36	41	34	
Aug-7-2013	10	28	32	38	39	49	3	
Aug-10-2013	4	11	20	23	26	39	15	
Aug-14-2013	8	9	13	15	24	29	4	
Aug-17-2013	17	26	28	36	39	46	31	
Aug-21-2013	3	25	29	35	38	40	9	
Aug-24-2013	11	20	24	29	39	47	28	
Aug-28-2013	3	6	12	18	19	25	14	
Aug-31-2013	2	16	19	27	38	42	26	
Sep-4-2013	10	13	20	22	27	37	12	
Sep-7-2013	2	5	9	15	22	45	41	
Sep-11-2013	15	16	18	20	36	48	39	
Sep-14-2013	1	7	8	39	43	45	5	
Sep-18-2013	7	19	23	24	32	43	22	
Sep-21-2013	3	28	30	32	36	39	15	
Sep-25-2013	4	15	16	18	38	41	35	
Sep-28-2013	2	8	18	19	34	36	16	
Oct-2-2013	5	11	26	32	43	46	37	
Oct-5-2013	1	8	11	19	30	49	20	
Oct-9-2013	15	29	30	37	41	47	19	
Oct-12-2013	2	4	7	24	39	48	41	
Oct-16-2013	11	15	22	24	37	46	30	
Oct-19-2013	6	10	18	41	44	49	22	
Oct-23-2013	5	14	19	30	34	45	18	
Oct-26-2013	5	14	26	29	34	47	30	
Oct-30-2013	8	17	26	34	37	48	30	
Nov-2-2013	1	8	9	10	32	43	49	
Nov-6-2013	7	10	18	26	27	30	6	
Nov-9-2013	3	6	11	19	28	31	5	
Nov-13-2013	16	17	19	29	33	35	37	
Nov-16-2013	5	14	16	26	27	30	31	
Nov-20-2013	4	7	9	10	12	36	30	
Nov-23-2013	3	4	13	16	19	20	22	
Nov-27-2013	2	3	5	15	34	46	17	
Nov-30-2013	3	10	19	20	27	46	13	
Dec-4-2013	7	26	29	30	37	42	38	
Dec-7-2013	1	4	28	29	46	48	41	
Dec-11-2013	1	6	12	13	28	33	48	
Dec-14-2013	13	15	16	23	34	38	27	
Dec-18-2013	10	15	21	22	36	40	47	
Dec-21-2013	12	15	16	19	37	43	5	
Dec-25-2013	1	22	26	27	28	31	15	
Dec-28-2013	6	9	11	12	28	34	13	
Jan-1-2014	7	8	13	28	31	47	17	
Jan-4-2014	13	34	36	38	39	42	22	
Jan-8-2014	15	30	36	42	44	49	45	
Jan-11-2014	11	13	23	24	31	42	40	
Jan-15-2014	3	4	10	15	48	49	11	
Jan-18-2014	3	8	17	21	32	37	14	
Jan-22-2014	3	4	15	29	31	46	39	
Jan-25-2014	1	12	19	25	28	37	30	
Jan-29-2014	11	19	22	30	35	45	33	
Feb-1-2014	8	15	18	38	39	45	37	
Feb-5-2014	13	19	22	33	35	37	45	
Feb-8-2014	4	19	24	40	48	49	25	
Feb-12-2014	9	17	19	22	24	29	13	
Feb-15-2014	10	13	17	32	33	34	35	
Feb-19-2014	7	10	22	23	38	49	26	
Feb-22-2014	2	9	20	29	45	48	47	
Feb-26-2014	3	9	14	21	33	46	20	
Mar-1-2014	3	16	21	27	32	40	37	
Mar-5-2014	2	5	10	17	20	45	19	
Mar-8-2014	6	8	21	23	42	49	47	
Mar-12-2014	9	15	17	38	39	40	2	
Mar-15-2014	8	10	27	44	48	49	38	
Mar-19-2014	4	8	10	17	29	36	28	
Mar-22-2014	3	8	13	14	21	46	29	
Mar-26-2014	8	17	23	24	31	37	29	
Mar-29-2014	12	14	23	36	43	44	8	
Apr-2-2014	1	16	23	31	34	35	20	
Apr-5-2014	1	25	29	32	40	46	23	
Apr-9-2014	2	19	22	27	33	44	13	
Apr-12-2014	4	10	20	23	32	37	17	
Apr-16-2014	2	5	9	32	35	37	12	
Apr-19-2014	18	21	26	27	31	35	6	
Apr-23-2014	16	24	26	30	46	48	47	
Apr-26-2014	6	22	32	37	47	48	13	
Apr-30-2014	4	13	16	17	34	44	45	
May-3-2014	2	11	15	26	30	47	9	
May-7-2014	4	11	20	35	40	41	26	
May-10-2014	3	11	22	33	34	41	15	
May-14-2014	9	11	16	19	23	34	39	
May-17-2014	4	6	28	38	41	42	35	
May-21-2014	3	4	11	13	36	43	48	
May-24-2014	2	13	22	25	34	39	30	
May-28-2014	8	14	15	23	34	43	45	
May-31-2014	11	13	16	23	29	35	46	
Jun-4-2014	7	11	30	36	37	41	25	
Jun-7-2014	9	11	20	28	30	41	17	
Jun-11-2014	11	12	31	42	46	49	25	
Jun-14-2014	21	25	39	41	42	43	29	
Jun-18-2014	6	18	20	26	27	47	39	
Jun-21-2014	1	15	17	19	22	49	30	
Jun-25-2014	1	24	25	35	38	39	21	
Jun-28-2014	2	9	12	28	44	47	27	
Jul-2-2014	3	10	19	23	28	33	47	
Jul-5-2014	1	6	23	25	34	44	12	
Jul-9-2014	2	3	12	16	20	39	8	
Jul-12-2014	6	10	11	21	27	40	4	
Jul-16-2014	12	18	24	29	35	49	30	
Jul-19-2014	1	7	14	16	38	42	40	
Jul-23-2014	4	20	26	30	32	37	17	
Jul-26-2014	9	26	29	35	39	41	3	
Jul-30-2014	2	10	12	41	44	49	17	
Aug-2-2014	3	11	14	18	24	32	15	
Aug-6-2014	6	17	23	29	31	40	15	
Aug-9-2014	2	11	14	15	24	41	13	
Aug-13-2014	3	11	25	29	31	33	41	
Aug-16-2014	10	17	21	29	45	46	35	
Aug-20-2014	2	12	13	15	34	36	18	
Aug-23-2014	12	24	27	31	44	47	22	
Aug-27-2014	4	9	15	31	35	43	20	
Aug-30-2014	29	34	40	42	44	47	32	
Sep-3-2014	7	13	33	35	37	49	25	
Sep-6-2014	9	17	19	44	45	49	13	
Sep-10-2014	7	24	35	38	45	47	41	
Sep-13-2014	6	7	20	28	43	47	48	
Sep-17-2014	3	16	21	32	34	47	5	
Sep-20-2014	12	15	21	22	25	29	13	
Sep-24-2014	2	14	17	24	30	35	22	
Sep-27-2014	9	15	16	28	34	48	18	
Oct-1-2014	3	9	40	43	45	46	33	
Oct-4-2014	1	12	19	25	35	48	23	
Oct-8-2014	18	20	23	33	35	38	46	
Oct-11-2014	11	15	27	28	37	47	8	
Oct-15-2014	17	18	34	44	46	47	20	
Oct-18-2014	7	21	23	25	32	35	33	
Oct-22-2014	11	18	19	25	30	43	44	
Oct-25-2014	2	9	11	36	45	47	40	
Oct-29-2014	1	6	12	18	28	30	13	
Nov-1-2014	4	8	18	23	42	49	41	
Nov-5-2014	5	10	26	37	38	49	35	
Nov-8-2014	16	23	25	29	31	44	47	
Nov-12-2014	3	12	30	31	38	42	15	
Nov-15-2014	2	8	21	24	38	43	13	
Nov-19-2014	8	11	18	19	23	44	1	
Nov-22-2014	7	11	28	34	46	49	29	
Nov-26-2014	14	21	23	31	35	44	22	
Nov-29-2014	4	17	19	21	31	42	34	
Dec-3-2014	20	21	30	32	37	48	26	
Dec-6-2014	5	11	12	31	35	38	10	
Dec-10-2014	10	11	16	23	36	40	29	
Dec-13-2014	3	13	15	23	35	47	6	
Dec-17-2014	19	22	33	39	41	45	20	
Dec-20-2014	1	13	14	36	44	49	31	
Dec-24-2014	15	25	26	35	44	45	31	
Dec-27-2014	2	12	13	23	27	28	21	
Dec-31-2014	7	14	22	38	47	49	3	
Oct-10-2015	3	9	18	19	25	27	41	
Oct-14-2015	2	15	26	27	32	47	8	
Oct-17-2015	1	13	21	24	27	35	12	
Oct-21-2015	5	28	37	43	44	45	1	
Oct-24-2015	4	8	13	15	21	43	20	
Oct-28-2015	3	10	14	24	38	42	13	
Oct-31-2015	8	9	34	40	45	46	14	
Nov-4-2015	4	19	24	26	32	41	1	
Nov-7-2015	4	6	9	10	12	28	27	
Nov-11-2015	18	23	29	33	34	42	26	
Nov-14-2015	16	24	34	44	45	48	39	
Nov-18-2015	3	10	38	39	43	46	7	
Nov-21-2015	9	15	26	31	37	41	19	
Nov-25-2015	3	15	17	26	43	44	4	
Nov-28-2015	3	11	21	38	42	48	29	
Dec-2-2015	3	7	10	14	28	43	40	
Dec-5-2015	7	16	27	31	33	35	10	
Dec-9-2015	17	19	23	27	28	32	11	
Dec-12-2015	13	25	35	36	41	43	3	
Dec-16-2015	6	35	36	37	38	46	18	
Dec-19-2015	3	17	18	38	40	47	25	
Dec-23-2015	7	12	14	26	36	42	38	
Dec-26-2015	8	15	27	31	36	48	2	
Dec-30-2015	3	6	9	17	34	36	43	
Jan-2-2016	1	26	27	28	31	32	15	
Jan-6-2016	20	21	29	32	37	46	14	
Jan-9-2016	9	10	29	34	36	40	24	
Jan-13-2016	6	16	17	24	31	34	5	
Jan-16-2016	2	5	10	26	27	37	33	
Jan-20-2016	6	12	18	21	30	36	41	
Jan-23-2016	7	13	20	22	30	36	14	
Jan-27-2016	11	13	15	36	37	44	32	
Jan-30-2016	8	14	35	40	41	43	3	
Feb-3-2016	7	18	19	25	40	44	4	
Feb-6-2016	1	14	19	23	38	40	12	
Feb-10-2016	9	15	36	44	45	48	16	
Feb-13-2016	7	11	14	18	36	40	17	
Feb-17-2016	4	5	9	14	40	42	30	
Feb-20-2016	5	16	22	28	29	39	9	
Feb-24-2016	6	9	27	28	36	39	47	
Feb-27-2016	1	6	28	42	44	46	39	
Mar-2-2016	11	16	25	37	41	44	32	
Mar-5-2016	16	25	34	36	42	43	15	
Mar-9-2016	19	28	32	37	44	47	4	
Mar-12-2016	13	22	25	26	41	42	1	
Mar-16-2016	4	22	28	33	38	45	41	
Mar-19-2016	2	4	6	7	42	43	25	
Mar-23-2016	9	18	19	30	35	41	8	
Mar-26-2016	4	17	21	25	29	33	34	
Mar-30-2016	7	12	13	16	21	32	40	
Apr-2-2016	4	28	29	30	35	36	40	
Apr-6-2016	9	10	15	24	27	31	14	
Apr-9-2016	1	21	33	34	44	49	27	
Apr-13-2016	13	15	18	31	43	44	4	
Apr-16-2016	23	39	43	44	45	48	16	
Apr-20-2016	4	22	25	27	36	39	21	
Apr-23-2016	1	11	12	13	17	37	22	
Apr-27-2016	1	2	9	22	35	46	21	
Apr-30-2016	5	8	12	16	44	47	23	
May-4-2016	17	22	24	34	36	48	35	
May-7-2016	7	9	18	35	38	46	44	
May-11-2016	8	10	18	19	20	34	42	
May-14-2016	2	10	29	32	39	48	49	
May-18-2016	18	24	26	33	35	36	14	
May-21-2016	6	11	19	33	42	45	49	
May-25-2016	3	9	14	20	21	45	31	
May-28-2016	13	16	22	27	34	47	37	
Jun-1-2016	1	11	17	18	26	28	25	
Jun-4-2016	19	21	23	30	34	46	27	
Jun-8-2016	5	11	15	16	37	39	27	
Jun-11-2016	2	7	21	30	47	48	45	
Jun-15-2016	4	9	35	39	42	49	28	
Jun-18-2016	10	14	19	31	35	47	5	
Jun-22-2016	1	5	13	29	44	45	23	
Jun-25-2016	21	30	39	40	45	47	42	
Jun-29-2016	3	6	7	16	21	41	11	
Jul-2-2016	2	5	6	31	35	41	49	
Jul-6-2016	3	27	28	35	45	46	12	
Jul-9-2016	3	23	39	44	47	49	37	
Jul-13-2016	1	3	18	20	30	41	11	
Jul-16-2016	7	14	17	23	26	33	30	
Jul-20-2016	12	13	19	28	37	41	42	
Jul-23-2016	7	25	28	38	41	47	27	
Jul-27-2016	11	15	21	24	33	48	9	
Jul-30-2016	10	21	31	35	36	47	48	
Aug-3-2016	2	12	13	14	20	21	27	
Aug-6-2016	7	10	26	27	34	42	40	
Aug-10-2016	3	20	21	41	47	49	48	
Aug-13-2016	3	5	8	36	38	45	47	
Aug-17-2016	16	22	25	32	36	46	20	
Aug-20-2016	9	28	32	36	38	42	13	
Aug-24-2016	7	13	17	19	48	49	24	
Aug-27-2016	3	8	9	19	27	46	6	
Aug-31-2016	3	7	18	22	25	43	30	
Sep-3-2016	3	9	20	21	35	37	5	
Sep-7-2016	8	20	22	23	33	46	19	
Sep-10-2016	5	25	29	38	46	48	16	
Sep-14-2016	8	13	24	27	45	48	5	
Sep-17-2016	6	10	13	14	23	49	8	
Sep-21-2016	2	8	11	12	14	18	27	
Sep-24-2016	1	8	15	35	42	46	9	
Sep-28-2016	6	15	20	32	41	49	47	
Oct-1-2016	3	8	21	23	28	39	40	
Oct-5-2016	7	8	23	27	30	48	47	
Oct-8-2016	10	23	28	42	44	47	40	
Oct-12-2016	9	10	31	35	46	47	13	
Oct-15-2016	1	6	24	37	39	49	22	
Oct-19-2016	10	14	28	33	35	42	18	
Oct-22-2016	8	10	11	41	42	49	47	
Oct-26-2016	4	5	25	31	40	47	46	
Oct-29-2016	6	8	9	38	39	46	13	
Nov-2-2016	15	25	40	41	46	48	45	
Nov-5-2016	6	17	23	25	26	41	33	
Nov-9-2016	12	18	24	30	45	47	39	
Nov-12-2016	7	8	17	24	30	44	31	
Nov-16-2016	11	12	13	16	30	37	28	
Nov-19-2016	13	15	18	20	35	49	31	
Nov-23-2016	6	11	13	32	40	44	25	
Nov-26-2016	7	26	27	29	43	44	21	
Nov-30-2016	5	27	36	37	42	45	14	
Dec-3-2016	9	27	32	36	38	41	28	
Dec-7-2016	7	11	22	24	26	30	9	
Dec-10-2016	2	11	30	39	42	49	41	
Dec-14-2016	3	16	24	34	41	47	2	
Dec-17-2016	20	24	28	29	46	49	1	
Dec-21-2016	7	11	22	30	41	43	5	
Dec-24-2016	14	19	22	23	25	35	32	
Dec-28-2016	5	16	25	26	33	49	38	
Dec-31-2016	4	8	18	30	34	36	2	
Jan-4-2017	6	10	26	35	47	49	30	
Jan-7-2017	14	18	27	37	40	41	28	
Jan-11-2017	8	9	10	24	26	47	38	
Jan-14-2017	2	10	17	34	40	41	30	
Jan-18-2017	3	19	27	28	35	38	22	
Jan-21-2017	12	17	22	33	36	48	15	
Jan-25-2017	8	26	27	34	35	40	16	
Jan-28-2017	4	14	22	33	42	49	41	
Feb-1-2017	5	11	20	21	34	41	42	
Feb-4-2017	1	6	13	28	30	39	16	
Feb-8-2017	3	6	9	13	35	37	48	
Feb-11-2017	10	11	12	20	30	43	40	
Feb-15-2017	4	12	14	36	44	49	35	
Feb-18-2017	5	13	16	20	33	37	36	
Feb-22-2017	5	15	30	37	38	45	10	
Feb-25-2017	3	6	7	8	23	45	1	
Mar-1-2017	11	12	20	31	40	46	22	
Mar-4-2017	4	9	24	28	32	40	47	
Mar-8-2017	8	13	19	27	45	49	14	
Mar-11-2017	3	14	24	27	28	37	20	
Mar-15-2017	4	22	28	32	40	45	35	
Mar-18-2017	1	3	14	17	23	30	39	
Mar-22-2017	3	5	11	17	19	34	42	
Mar-25-2017	4	8	12	16	38	45	7	
Mar-29-2017	2	8	21	29	34	41	46	
Apr-1-2017	3	7	11	16	18	28	17	
Apr-5-2017	2	4	17	20	23	28	1	
Apr-8-2017	7	15	27	31	38	41	33	
Apr-12-2017	2	9	23	28	47	48	46	
Apr-15-2017	7	10	16	27	47	49	2	
Apr-19-2017	5	15	16	19	20	45	22	
Apr-22-2017	12	16	29	33	39	46	3	
Apr-26-2017	3	15	34	37	39	48	29	
Apr-29-2017	2	3	13	27	45	47	14	
May-3-2017	2	6	14	26	30	42	36	
May-6-2017	10	16	19	31	45	49	8	
May-10-2017	14	15	28	38	39	40	48	
May-13-2017	13	21	24	38	39	47	1	
May-17-2017	6	16	31	37	43	47	12	
May-20-2017	1	10	14	17	36	38	3	
May-24-2017	10	11	13	23	38	45	48	
May-27-2017	8	14	18	27	39	47	49	
May-31-2017	5	10	16	21	37	40	8	
Jun-3-2017	5	13	24	30	37	46	21	
Jun-7-2017	1	3	13	17	19	45	9	
Jun-10-2017	2	5	17	26	27	40	32	
Jun-14-2017	6	17	19	20	24	46	21	
Jun-17-2017	1	5	22	23	28	46	27	
Jun-21-2017	9	15	19	28	29	38	14	
Jun-24-2017	12	18	21	27	37	43	28	
Jun-28-2017	13	14	16	30	31	48	20	
Jul-1-2017	4	13	27	33	36	48	12	
Jul-5-2017	7	10	12	13	26	42	16	
Jul-8-2017	2	16	24	26	29	33	22	
Jul-12-2017	6	11	16	23	24	39	20	
Jul-15-2017	1	7	9	29	39	43	45	
Jul-19-2017	14	15	23	30	32	34	10	
Jul-22-2017	10	13	14	15	19	35	11	
Jul-26-2017	19	23	26	27	37	46	16	
Jul-29-2017	16	21	22	23	29	31	42	
Aug-2-2017	5	16	17	22	40	46	12	
Aug-5-2017	25	31	33	37	39	42	3	
Aug-9-2017	8	14	16	17	19	37	28	
Aug-12-2017	16	17	20	21	28	29	13	
Aug-16-2017	2	31	35	40	48	49	42	
Aug-19-2017	1	4	11	12	25	40	32	
Aug-23-2017	1	4	10	28	39	40	5	
Aug-26-2017	3	6	14	15	21	49	9	
Aug-30-2017	2	8	15	34	43	47	10	
Sep-2-2017	8	14	23	31	34	48	32	
Sep-6-2017	6	9	23	28	33	48	24	
Sep-9-2017	11	15	19	25	32	39	6	
Sep-13-2017	3	6	12	15	27	44	33	
Sep-16-2017	4	8	15	20	22	46	49	
Sep-20-2017	8	9	15	30	32	35	31	
Sep-23-2017	11	24	28	30	31	32	35	
Sep-27-2017	29	32	34	38	44	47	27	
Sep-30-2017	1	15	18	21	33	35	48	
Oct-4-2017	1	16	18	20	22	41	28	
Oct-7-2017	6	28	32	34	36	46	17	
Oct-11-2017	10	11	13	20	22	47	41	
Oct-14-2017	1	4	20	27	30	34	23	
Oct-18-2017	2	8	9	31	32	35	21	
Oct-21-2017	2	22	33	36	44	49	9	
Oct-25-2017	6	10	31	35	44	45	23	
Oct-28-2017	3	12	21	23	35	36	25	
Nov-1-2017	2	4	13	27	29	49	15	
Nov-4-2017	13	16	17	20	34	49	31	
Nov-8-2017	8	13	15	17	25	42	34	
Nov-11-2017	7	11	12	14	41	46	6	
Nov-15-2017	35	38	39	41	45	48	13	
Nov-18-2017	1	7	19	23	34	43	21	
Nov-22-2017	5	6	23	26	45	46	36	
Nov-25-2017	22	27	34	40	41	45	10	
Nov-29-2017	12	15	20	23	29	42	22	
Dec-2-2017	11	23	38	43	45	46	36	
Dec-6-2017	8	14	20	21	25	47	11	
Dec-9-2017	16	19	25	31	34	40	39	
Dec-13-2017	4	14	25	26	34	35	36	
Dec-16-2017	1	10	18	20	23	45	44	
Dec-20-2017	3	16	33	39	45	47	5	
Dec-23-2017	2	14	19	21	45	47	1	
Dec-27-2017	10	13	18	22	26	37	41	
Dec-30-2017	10	19	21	26	34	41	45	
Jan-3-2018	8	15	29	33	35	37	32	
Jan-6-2018	7	8	10	35	45	48	3	
Jan-10-2018	5	6	10	12	14	29	18	
Jan-13-2018	4	10	25	29	38	41	12	
Jan-17-2018	4	7	8	17	18	39	40	
Jan-20-2018	9	13	17	18	24	25	1	
Jan-24-2018	2	10	13	18	30	33	11	
Jan-27-2018	15	34	35	36	44	46	31	
Jan-31-2018	10	11	30	35	40	45	9	
Feb-3-2018	14	21	35	39	42	46	9	
Feb-7-2018	11	19	27	35	36	46	20	
Feb-10-2018	3	15	18	22	25	41	24	
Feb-14-2018	10	12	34	35	39	48	18	
Feb-17-2018	9	22	30	35	42	44	20	
Feb-21-2018	4	5	10	29	32	48	13	
Feb-24-2018	11	13	25	39	48	49	47	
Feb-28-2018	4	16	28	36	37	39	3	
Mar-3-2018	5	19	20	22	28	38	14	
Mar-7-2018	5	19	23	38	42	48	33	
Mar-10-2018	1	4	7	11	12	25	15	
Mar-14-2018	6	9	26	28	39	49	7	
Mar-17-2018	10	22	37	41	44	47	33	
Mar-21-2018	3	22	37	40	42	44	34	
Mar-24-2018	3	5	21	28	29	40	25	
Mar-28-2018	3	8	9	19	30	34	29	
Mar-31-2018	8	13	22	26	46	48	33	
Apr-4-2018	8	14	24	27	32	35	20	
Apr-7-2018	2	5	13	18	30	47	10	
Apr-11-2018	2	9	14	29	35	48	3	
Apr-14-2018	24	27	29	36	46	48	20	
Apr-18-2018	5	22	27	31	42	47	1	
Apr-21-2018	5	19	34	37	44	48	16	
Apr-25-2018	6	7	15	20	39	40	22	
Apr-28-2018	6	10	18	23	40	44	11	
May-2-2018	2	9	14	20	25	44	26	
May-5-2018	12	23	25	26	34	47	36	
May-9-2018	8	11	25	29	41	42	4	
May-12-2018	4	8	10	19	37	45	46	
May-16-2018	1	3	6	18	36	39	46	
May-19-2018	7	8	33	34	35	45	4	
May-23-2018	2	6	16	20	42	45	38	
May-26-2018	10	11	20	27	41	46	49	
May-30-2018	21	22	38	40	46	49	20	
Jun-2-2018	7	8	13	30	38	46	20	
Jun-6-2018	6	26	27	31	32	38	24	
Jun-9-2018	4	12	13	37	44	45	31	
Jun-13-2018	3	27	36	37	39	42	9	
Jun-16-2018	1	13	38	43	45	49	24	
Jun-20-2018	5	10	14	15	31	41	28	
Jun-23-2018	12	15	20	26	39	48	5	
Jun-27-2018	1	4	15	18	30	35	32	
Jun-30-2018	4	21	28	36	44	46	19	
Jul-4-2018	1	5	12	19	25	33	37	
Jul-7-2018	8	11	18	23	27	40	10	
Jul-11-2018	3	4	17	21	24	34	12	
Jul-14-2018	17	19	28	39	43	48	25	
Jul-18-2018	3	13	14	17	38	46	48	
Jul-21-2018	8	10	12	17	36	42	2	
Jul-25-2018	6	17	21	23	27	37	10	
Jul-28-2018	2	4	12	18	36	39	8	
Aug-1-2018	1	16	24	32	36	38	11	
Aug-4-2018	17	20	22	23	36	43	41	
Aug-8-2018	4	23	35	39	48	49	47	
Aug-11-2018	5	9	14	23	26	44	31	
Aug-15-2018	8	10	15	20	29	45	5	
Aug-18-2018	4	5	6	12	15	25	1	
Aug-22-2018	8	10	12	19	30	35	49	
Aug-25-2018	5	10	18	21	34	39	27	
Aug-29-2018	8	30	33	36	41	49	20	
Sep-1-2018	12	17	21	24	29	39	41	
Sep-5-2018	1	2	19	23	32	48	12	
Sep-8-2018	5	13	17	22	31	49	43	
Sep-12-2018	13	17	23	26	31	43	40	
Sep-15-2018	17	18	19	21	23	24	20	
Sep-19-2018	12	13	26	29	40	49	41	
Sep-22-2018	13	19	20	30	38	46	5	
Sep-26-2018	7	10	16	25	31	45	8	
Sep-29-2018	7	11	18	30	33	35	45	
Oct-3-2018	14	16	25	40	45	48	39	
Oct-6-2018	11	15	22	28	29	38	20	